40
45
6313 0 0 0 0 0 7494 0 0 0 0 0 0 0 0 0 6684
383 184 642 277 893 606 765 218 434 17 335 929 447 106 214 293 826
298 264 410 892 711 747 703 281 951 640 429 743 34 706 631 878 299
92 819 536 887 274 102 147 435 307 516 219 563 409 320 25 349 690
209 210 346 725 781 873 421 452 971 771 841 295 264 16 795 930 348
713 802 975 929 548 315 180 392 487 177 187 690 573 560 624 989 78
925 429 292 871 757 683 805 271 967 443 607 862 935 814 334 468 131
176 891 975 821 591 235 668 885 458 530 4 706 191 555 731 451 81
481 990 734 334 581 219 143 609 205 222 740 599 452 229 312 549 283
987 135 435 663 558 479 492 805 872 584 184 449 990 529 207 433 690
474 869 152 233 289 77 180 124 518 16 581 270 437 1000 715 419 262
213 296 804 942 62 56 472 749 857 157 850 946 422 542 653 64 151
111 252 181 905 21 874 867 46 811 983 724 529 158 855 166 152 168
696 643 769 193 586 308 862 634 892 142 112 97 568 617 241 727 123
254 236 999 990 875 810 964 665 310 438 901 563 632 882 785 374 814
778 904 475 129 785 43 75 953 225 643 875 55 600 4 812 597 993
279 742 921 358 543 940 458 324 64 623 670 489 649 95 136 287 247
415 837 408 755 946 336 10 619 964 67 150 890 864 423 916 77 881
212
0 0 0 0 0 0 0 0 0 0 0 8351 0 7366 0 0 223
280 869 91 555 334 114 717 668 118 487 436 29 797 598 203 892 972
207 179 649 434 131 55 409 650 698 24 250 300 597 760 287 59 169
439 57 803 905 305 176 457 866 788 523 69 425 847 850 866 211 997
741 289 854 870 854 458 98 810 268 49 156 42 77 147 78 637 132
600 502 886 267 279 886 263 424 639 917 953 250 287 695 407 696 287
988 275 218 830 363 611 2 738 119 931 138 959 928 666 16 0 474
672 896 908 765 329 718 943 149 741 683 178 6 547 959 949 774 884
383 781 625 421 809 210 660 613 87 234 819 880 160 830 321 143 130
53 550 559 400 705 397 370 852 141 795 188 723 613 176 513 872 719
578 128 58 337 354 485 451 903 945 674 501 673 473 193 155 821 323
364 949 674 68 207 575 432 269 147 461 373 92 925 57 974 484 402
602 745 975 885 340 548 533 549 248 402 762 713 63 497 257 467 326
887 298 90 524 432 676 610 330 350 348 348 163 996 636 544 775 349
19 150 247 615 847 845 567 382 745 538 738 230 31 691 769 137 623
64 746 177 821 539 297 951 172 223 59 897 627 168 658 88 593 298
780 732 504 210 165 531 117 977 238 825 680 966 203 978 776 646 405
360 342 63 13 339 519 726 727 439 141 726 347 658 261 816 656 655
50
0 6797 0 7752 0 0 0 5783 0 0 1357 0 0 0 0 459 4277
594 156 104 121 751 616 597 548 620 96 251 254 213 166 730 186 841
557 76 27 965 730 687 697 519 752 280 42 344 492 946 801 692 592
593 982 546 578 158 789 391 17 456 761 882 176 183 423 508 243 462
633 15 245 151 959 781 9 981 56 615 28 938 551 844 337 702 653
832 207 418 251 813 632 172 116 868 134 68 485 164 161 204 297 377
900 252 820 388 398 450 818 749 13 210 627 840 90 195 818 686 865
4 969 908 586 858 19 412 645 753 570 662 351 224 973 167 521 487
769 527 475 461 190 924 888 838 254 919 909 150 170 269 579 18 886
824 823 603 706 309 510 16 463 301 89 547 302 529 337 294 938 309
98 626 994 283 814 571 776 444 881 745 623 971 572 235 794 365 376
806 367 908 461 377 328 775 14 504 997 891 303 585 516 496 423 396
320 584 92 427 442 172 130 732 98 995 471 434 602 522 789 236 206
780 161 26 709 431 797 5 456 441 508 209 867 510 168 62 481 15
486 572 89 778 875 969 270 512 627 71 333 615 694 441 909 56 676
425 999 8 403 326 831 391 240 493 467 895 352 755 536 113 892 699
668 798 365 358 25 38 260 603 125 413 757 133 906 357 531 446 970
635 368 54 14 238 717 230 115 852 292 442 291 378 198 917 509 483
133
8292 7346 0 0 0 0 7394 0 0 0 849 0 0 6510 431 6251 5146
409 66 298 468 585 601 871 231 239 324 260 819 100 920 363 400 310
600 217 842 329 40 656 895 67 698 39 973 453 781 642 632 151 163
179 18 288 301 328 878 886 946 406 696 357 782 172 726 293 508 394
119 798 452 952 313 417 408 382 992 564 655 23 864 198 748 203 867
980 384 261 228 774 781 926 405 987 269 942 589 8 78 540 941 80
760 274 566 448 470 247 591 217 306 939 780 154 450 921 277 256 513
865 877 246 97 731 872 252 505 685 333 664 870 637 484 561 1 432
608 742 444 667 919 628 866 709 927 831 755 274 609 817 97 359 672
798 749 179 523 260 627 706 705 675 554 851 22 194 223 262 326 25
270 270 949 55 946 412 780 984 51 862 252 140 29 457 803 184 968
227 351 953 724 859 647 928 448 475 66 308 428 414 69 763 3 871
219 861 437 623 482 367 788 199 633 340 213 690 718 844 365 752 912
111 694 493 30 518 454 193 485 536 892 238 321 892 283 671 569 717
919 463 373 679 322 402 269 103 34 816 732 682 671 549 324 93 119
981 133 481 853 608 182 619 374 698 762 289 395 266 603 195 245 347
721 823 124 297 450 957 628 412 154 813 460 275 741 830 333 980 953
589 42 713 359 339 856 454 268 304 474 907 285 116 18 917 934 910
152
9582 0 7290 1584 0 0 0 0 0 389 0 0 5530 0 0 0 6406
820 672 640 450 736 123 586 476 157 197 902 840 927 754 426 632 812
79 997 480 364 525 293 929 200 217 118 865 513 499 693 75 315 539
86 909 120 392 7 978 752 861 54 882 446 334 987 743 959 459 575
746 136 734 911 875 447 520 961 418 432 485 686 197 762 547 594 346
497 223 719 439 73 195 943 430 685 95 983 662 864 750 259 843 438
820 820 561 969 583 896 129 474 905 658 489 711 965 601 157 600 537
263 940 333 230 549 664 26 811 491 609 580 513 817 180 955 386 545
531 841 360 867 828 72 697 299 2 713 910 203 36 533 676 474 490
210 167 39 61 691 526 345 471 98 689 406 1 943 839 695 734 82
977 206 904 972 489 852 725 466 349 356 975 769 524 411 33 327 794
443 928 741 508 933 67 150 66 311 47 296 9 843 841 183 674 431
47 284 921 582 837 673 898 466 57 295 447 689 913 778 541 972 867
810 770 398 146 406 553 1000 687 421 271 113 662 578 546 184 513 698
907 513 654 769 280 270 609 734 31 944 196 863 161 229 518 639 71
644 918 743 431 66 524 625 479 389 466 434 533 502 854 209 788 958
221 337 340 484 46 810 136 569 355 89 580 681 347 275 656 861 728
512 101 762 261 521 706 106 454 864 753 335 449 449 710 721 983 966
278
6366 0 0 8544 7805 6134 0 0 0 0 8831 0 7052 9212 3459 0 9785
225 935 619 33 615 620 567 21 991 584 689 805 287 808 996 243 271
484 602 552 507 885 636 556 623 176 53 974 122 634 132 508 38 879
800 892 411 754 476 981 756 596 594 546 642 281 681 863 725 793 840
886 513 837 421 112 399 218 295 429 163 967 211 88 708 501 63 686
120 254 646 652 381 623 272 403 701 222 345 84 964 551 831 22 344
42 319 439 584 577 920 791 322 886 107 114 96 336 457 661 396 876
108 913 357 444 889 177 773 296 436 538 491 439 723 181 210 55 382
99 613 15 30 934 832 282 654 266 344 208 490 63 270 971 931 12
653 599 219 347 343 826 440 221 554 894 327 314 436 821 429 496 727
584 925 204 101 643 248 63 808 698 71 818 95 813 214 37 455 383
293 392 214 787 136 177 148 906 918 110 461 676 636 871 119 619 39
686 390 169 588 868 593 675 42 319 663 329 887 383 229 647 10 205
835 18 873 83 490 223 432 407 369 138 419 570 467 482 271 874 807
397 402 877 818 30 441 906 83 841 443 552 923 261 733 413 505 809
557 394 804 352 211 572 564 328 82 512 987 26 446 265 369 41 514
864 549 416 969 916 851 318 407 147 700 593 488 852 167 305 868 730
797 617 586 385 625 810 641 928 850 395 793 297 415 479 251 706 136
138
8382 1865 0 0 7832 2095 4334 1972 9587 2374 9773 4685 0 265 4942 0 327
64 545 530 543 422 439 878 672 757 737 295 663 573 146 536 201 758
285 736 964 85 750 977 804 158 294 194 14 181 178 995 289 259 102
221 960 257 715 204 323 33 549 876 140 1000 88 187 895 315 353 486
815 841 385 395 404 647 563 868 31 798 527 949 726 654 712 741 264
374 433 404 218 397 801 189 733 458 467 648 290 342 226 205 223 64
199 199 332 430 740 652 328 413 305 346 675 551 711 464 510 735 93
425 964 208 386 270 198 860 4 351 158 974 7 827 570 531 849 815
706 599 528 34 153 320 815 51 49 387 438 885 937 131 773 962 720
760 138 60 952 677 527 533 294 10 742 400 157 782 358 940 197 647
629 886 821 112 668 145 788 64 645 342 378 918 649 925 876 747 836
355 61 885 697 385 514 922 946 825 678 455 59 228 706 999 954 186
625 474 51 194 587 145 84 88 120 217 475 976 371 58 522 60 987
84 19 110 924 104 77 909 213 957 127 611 685 10 620 506 456 595
786 37 696 864 449 429 573 983 844 48 907 45 386 200 313 115 571
659 120 419 804 781 237 253 307 499 345 233 950 322 123 22 206 735
856 646 906 847 803 730 186 33 203 932 887 913 75 908 270 462 256
860 789 213 675 409 452 260 184 355 475 963 828 810 812 563 97 115
74
2276 537 0 2666 0 0 7454 0 2524 0 2124 8743 6335 8808 3872 8373 9900
563 118 913 821 517 943 722 242 515 9 578 110 490 825 289 206 351
433 536 864 781 87 70 965 308 280 515 792 235 669 350 806 120 422
642 190 309 716 86 281 157 188 573 970 590 866 122 863 56 186 549
211 827 885 739 700 781 562 502 442 320 195 666 726 555 196 828 998
924 375 409 74 725 418 141 61 414 394 442 160 520 333 241 950 884
624 188 72 250 831 778 603 762 140 931 724 780 771 458 48 246 976
707 483 695 976 174 550 451 929 463 839 383 541 526 50 223 145 547
354 765 66 993 498 595 911 838 844 961 682 109 744 463 676 483 982
951 606 85 726 220 32 150 924 279 214 169 876 944 662 690 633 566
518 650 277 357 756 622 360 401 408 999 406 792 209 985 6 833 998
995 534 336 844 215 730 711 436 578 441 913 162 238 224 301 373 426
682 677 497 470 98 336 900 195 747 280 619 678 284 350 840 76 839
179 133 116 66 911 22 747 419 91 538 33 999 340 498 788 640 485
795 112 644 197 107 619 134 537 317 573 298 441 499 149 632 963 719
795 294 242 1000 48 874 211 722 192 111 721 289 378 736 8 416 967
604 610 866 362 592 944 553 365 348 976 814 149 30 195 253 202 531
800 334 974 994 95 487 314 950 615 762 422 679 39 906 727 608 72
65
29 2163 238 1327 3868 8034 7936 7756 6688 720 2461 0 0 6592 3993 9583 7835
279 861 356 255 286 740 445 966 762 302 804 44 540 251 810 451 816
355 724 884 579 629 476 942 841 390 713 146 496 218 845 205 513 695
650 765 74 134 34 843 874 310 133 435 290 836 80 895 696 335 909
991 608 462 5 642 369 94 170 532 45 62 994 190 99 364 432 444
121 647 113 274 389 841 605 243 257 124 208 1000 689 698 933 782 550
483 804 241 851 500 309 747 565 235 383 247 965 539 670 106 234 248
807 132 468 71 751 262 631 850 241 545 371 634 399 949 104 899 23
613 462 529 934 831 445 806 251 646 598 464 77 527 679 322 88 884
302 814 909 248 471 422 603 704 409 441 868 675 840 63 461 346 942
351 123 316 213 317 682 990 524 959 115 565 654 989 312 917 442 453
578 509 567 986 570 832 448 256 703 699 789 69 292 157 592 303 382
22 388 726 671 330 829 946 200 572 286 575 682 538 943 685 590 642
107 630 798 146 18 259 428 987 443 742 13 152 751 498 19 57 93
250 799 109 428 923 286 922 374 348 310 182 953 838 938 736 210 913
321 523 153 999 372 319 165 586 29 91 582 156 297 759 179 55 495
366 270 226 548 12 641 579 365 408 123 550 154 434 193 602 495 753
453 865 820 977 780 579 862 127 549 335 227 545 693 775 101 120 338
261
2540 2962 8242 6786 7623 6685 3758 1821 4799 9664 6355 9214 1826 3475 2730 3360 4051
844 776 577 554 54 229 269 520 335 678 130 372 233 172 404 783 734
286 366 778 209 923 214 312 876 184 220 19 799 179 425 476 98 854
229 268 464 604 200 750 428 177 294 806 569 616 77 889 954 561 626
959 28 785 888 643 203 620 230 673 932 74 515 971 442 897 507 365
104 886 211 604 486 318 179 744 268 284 5 658 193 362 878 44 238
166 528 765 459 375 923 306 458 47 19 273 152 248 420 52 272 508
183 37 564 389 434 14 291 15 325 188 463 840 792 201 314 552 391
777 795 706 236 341 826 358 79 934 973 662 302 192 155 745 538 30
381 617 25 839 894 753 921 540 176 147 686 458 300 739 270 535 26
78 699 327 573 370 792 319 515 628 925 772 914 179 649 110 854 439
303 358 632 543 363 327 470 849 196 26 798 363 915 449 170 163 743
467 270 283 529 290 649 108 849 435 66 764 904 39 94 762 993 104
94 478 298 922 148 509 607 246 711 163 84 688 642 838 390 356 55
611 882 258 113 478 813 480 164 495 437 392 351 963 201 469 964 754
791 982 152 901 842 111 978 187 286 177 580 718 774 243 628 497 923
866 845 642 136 597 326 739 128 974 863 364 357 559 691 670 185 189
414 738 884 5 893 590 512 395 1000 359 409 34 984 866 265 305 239
232
4878 5458 4411 4771 6094 4850 4255 1473 1253 8388 4583 3281 3037 1031 7802 3833 4054
581 872 752 493 46 647 132 620 517 819 318 601 605 116 115 297 74
976 540 829 614 387 854 472 465 174 161 590 3 388 556 643 182 228
67 617 116 429 61 887 655 240 784 756 304 690 329 156 984 325 862
656 75 101 666 933 635 980 94 280 676 342 44 434 568 722 881 454
423 109 127 247 520 774 562 407 462 90 778 255 496 343 238 252 24
421 645 654 859 905 877 382 899 251 740 63 56 258 193 185 136 299
207 993 159 521 2 430 643 749 938 934 719 514 79 101 131 986 729
474 74 58 103 967 633 736 285 521 335 222 28 393 427 198 833 242
665 65 741 98 412 684 148 92 390 127 22 884 8 80 778 263 56
30 922 305 783 475 717 887 931 750 964 121 146 912 925 884 232 269
437 413 542 290 139 200 87 160 523 476 537 841 777 456 422 690 238
333 459 583 250 750 208 190 803 550 879 132 325 163 161 211 774 774
482 80 559 758 436 870 60 420 7 310 630 581 890 590 511 919 981
497 704 787 844 908 905 582 416 196 475 94 797 983 926 251 948 210
182 91 692 726 342 189 448 589 368 669 223 565 693 122 664 33 75
713 617 279 650 261 758 27 260 993 116 626 151 371 802 156 236 566
155 950 157 188 829 685 473 315 555 928 23 146 506 388 756 804 409
73
6113 9217 2028 2 2076 2068 371 4795 5247 5747 7951 767 7205 4098 8643 9317 5199
975 113 113 978 221 910 648 972 247 929 436 178 357 120 69 283 767
62 343 437 876 405 834 138 98 557 978 245 6 419 871 653 661 204
520 235 979 908 432 251 922 464 386 415 186 886 905 274 225 269 791
819 512 325 691 408 705 382 543 516 468 874 676 208 237 61 530 594
904 306 764 721 799 607 546 936 71 172 113 449 664 325 108 859 578
163 538 367 947 139 62 77 633 470 453 126 394 798 47 55 648 337
255 991 435 668 487 354 620 74 333 226 687 868 574 967 351 855 544
483 394 32 909 584 367 641 88 315 383 836 458 908 794 377 103 857
684 474 325 41 901 893 109 473 934 369 418 780 983 542 730 86 450
836 672 653 148 555 258 72 23 702 632 198 650 804 681 978 227 486
920 187 385 134 104 919 134 145 413 18 614 309 495 691 284 902 690
721 176 323 79 824 901 762 450 261 395 940 150 195 252 4 85 680
944 514 301 478 260 348 283 633 787 980 354 202 157 949 46 716 318
263 724 442 959 691 276 190 671 576 378 212 304 107 914 488 705 482
117 662 170 704 768 860 445 50 937 652 368 4 575 591 638 429 7
134 647 268 692 366 783 977 20 653 961 38 977 76 403 431 768 164
226 310 349 223 523 21 986 990 511 204 325 115 599 81 391 556 241
44
5950 8099 2815 7838 5483 989 337 1043 4753 7085 5571 2018 775 3180 487 691 2489
462 603 176 780 702 276 538 691 196 998 158 747 311 165 460 762 205
56 311 503 606 686 369 876 362 153 50 584 115 333 620 927 248 573
57 471 114 580 220 605 106 563 781 324 232 868 869 629 761 390 137
244 545 918 544 962 493 576 795 447 165 638 723 552 471 810 524 508
518 685 832 151 7 696 872 396 850 219 440 553 180 640 228 693 950
721 690 333 805 933 735 876 111 925 147 218 965 405 489 66 36 549
680 652 439 165 362 681 450 218 426 964 156 647 445 297 719 521 454
180 59 908 589 904 914 491 646 912 279 11 706 72 610 592 11 486
126 514 224 382 404 998 550 404 35 346 698 458 41 937 687 395 412
691 648 374 556 100 649 203 295 317 767 931 468 105 814 942 184 375
67 920 310 417 742 267 291 708 261 322 923 256 243 396 674 565 775
344 783 915 320 574 344 571 103 796 803 107 11 156 588 679 542 728
317 736 139 63 584 528 459 51 65 698 122 40 45 112 675 621 886
557 298 88 882 854 723 569 890 279 741 912 764 128 406 985 337 147
84 414 165 108 981 21 993 143 858 505 117 948 421 492 656 789 899
193 20 749 733 369 496 974 606 312 263 782 519 618 565 775 659 117
478 373 355 888 983 940 392 613 666 515 131 260 902 94 906 449 999
251
4604 15 2388 7484 46 944 3500 7777 1523 3588 5060 6561 2206 1362 7556 5665 5775
408 677 438 558 31 156 659 747 425 543 44 507 59 722 646 555 396
185 925 907 533 942 529 490 144 941 391 411 742 749 172 965 39 757
208 599 451 200 397 7 988 849 977 436 849 313 469 596 790 111 67
138 450 292 960 431 523 965 920 609 284 543 942 450 79 947 155 750
517 292 364 528 1000 742 539 556 28 317 576 638 455 758 391 934 479
280 205 531 538 9 610 654 604 575 872 85 361 202 277 886 463 440
981 433 594 538 235 861 593 665 621 221 276 452 33 530 826 677 548
667 210 394 686 6 300 968 49 531 24 756 855 608 201 239 854 615
478 34 800 481 10 666 386 922 444 799 157 96 904 694 655 280 197
924 448 262 180 690 215 277 579 55 723 182 911 929 715 798 197 305
518 539 957 483 43 614 993 622 476 734 595 863 321 109 201 146 167
7 785 359 237 111 108 300 947 543 179 126 217 1 875 641 963 26
45 390 949 735 791 492 463 472 992 94 793 457 761 95 927 437 600
439 902 120 6 697 878 552 600 772 874 547 1000 552 201 662 897 308
320 550 551 726 83 539 391 150 911 926 787 818 569 999 580 775 652
690 35 673 154 271 706 713 648 50 104 89 588 301 803 742 295 831
821 125 121 296 829 170 435 414 968 575 697 12 625 799 56 34 532
299
445 8920 5966 8530 7284 8595 1714 2777 1863 3697 3389 9394 3017 4853 2677 5605 7385
124 614 444 314 577 676 621 580 78 462 745 229 762 747 25 987 318
948 891 527 598 533 366 802 771 929 678 415 859 182 269 463 856 233
334 515 267 670 811 739 388 652 516 899 539 650 13 60 48 591 223
909 273 449 354 448 558 454 186 257 649 834 176 754 183 751 284 622
182 242 384 843 419 183 62 928 718 892 894 952 769 149 657 269 579
512 855 585 461 542 696 768 213 168 357 589 943 963 678 139 583 117
890 171 193 914 324 210 735 874 431 219 457 253 75 405 309 460 99
764 806 249 750 30 947 178 159 900 934 537 164 156 593 315 712 280
489 364 916 23 887 35 499 961 57 403 836 492 446 862 362 282 619
562 569 777 106 748 506 158 37 604 277 877 519 892 547 474 167 459
456 287 186 113 70 231 329 90 969 26 828 316 554 655 8 872 107
587 401 995 631 528 363 958 77 412 266 257 457 745 585 849 238 772
506 405 167 95 527 945 509 678 482 196 363 411 104 293 530 420 134
134 869 712 574 590 306 934 188 66 346 891 588 583 30 361 110 776
177 570 928 789 169 173 826 759 641 824 532 341 205 824 58 414 661
101 89 156 912 782 28 64 162 663 106 644 69 793 447 121 62 745
624 114 395 678 135 237 492 651 202 730 974 515 524 645 493 364 619
141
3907 4316 3572 1956 6468 2924 6874 4610 5426 1958 2408 7323 3547 1948 3194 9126 7410
643 281 918 623 374 988 766 417 900 173 35 914 612 231 928 116 886
778 775 458 349 565 538 605 933 791 972 49 412 345 179 183 301 170
396 871 616 180 304 117 699 872 436 866 647 760 347 862 962 103 84
996 107 112 422 91 490 721 749 655 454 352 408 901 57 190 626 846
207 113 38 289 73 844 757 245 894 493 439 274 726 410 319 832 963
660 922 91 162 869 132 663 775 247 447 962 876 895 130 956 581 884
75 8 864 14 258 451 280 827 666 675 342 855 192 803 56 355 779
88 888 336 470 64 54 848 236 992 653 573 18 998 260 954 265 431
843 457 790 332 34 526 976 670 175 331 2 667 768 447 957 119 65
226 168 241 804 603 731 844 950 192 308 691 9 361 944 473 978 245
370 333 684 401 533 420 515 408 427 368 304 497 426 979 968 319 539
494 829 744 99 661 261 192 337 408 215 189 191 543 903 660 342 82
582 895 780 314 57 658 261 181 909 700 379 217 62 132 747 515 768
867 526 872 277 746 89 650 770 684 104 130 183 453 427 601 853 762
374 27 957 65 411 830 915 498 283 206 277 652 70 123 762 882 411
665 86 707 663 305 391 606 993 425 52 54 726 33 448 595 724 790
769 614 165 164 691 30 559 544 943 14 167 587 42 64 167 516 242
172
6730 1351 1240 2633 5461 9321 2077 1242 5969 9437 388 160 2044 274 6682 1889 5724
497 317 512 742 65 234 31 884 559 16 793 443 61 983 588 957 834
544 916 534 580 346 260 419 63 594 503 311 867 48 996 218 972 379
364 574 184 932 603 162 43 544 394 165 913 230 209 670 921 200 835
649 84 747 337 449 162 814 213 153 51 163 218 107 24 246 316 383
23 665 265 751 200 274 723 966 513 582 152 898 785 219 493 911 846
257 684 404 139 183 207 349 675 929 582 297 159 128 777 915 323 193
804 7 259 704 147 248 154 399 459 319 772 160 134 35 837 494 838
266 965 36 524 642 692 137 834 786 623 462 296 386 143 993 567 68
667 412 436 625 717 963 792 457 768 604 935 214 469 260 960 857 354
139 928 982 437 296 756 616 146 238 144 693 924 397 468 441 411 473
819 384 459 681 845 670 143 420 469 577 4 690 448 103 244 872 320
54 356 977 960 464 210 205 262 466 748 399 923 206 904 983 662 551
755 616 615 156 221 235 40 726 554 630 531 241 847 575 327 961 486
734 559 52 39 869 519 279 284 644 971 20 96 58 529 622 92 222
130 954 601 966 822 1000 611 790 0 875 326 882 978 62 504 185 292
469 76 553 717 707 583 434 418 641 161 844 707 772 339 873 779 411
629 813 241 149 780 271 945 653 860 972 228 138 732 931 664 851 307
268
4493 2225 7419 9795 1937 6347 3512 7970 9938 6371 3350 7009 2723 2919 3240 3483 5757
15 227 155 454 757 345 735 692 805 770 772 480 522 748 480 84 256
225 524 934 169 866 695 561 386 375 679 360 257 176 894 73 961 586
300 729 401 62 592 294 512 13 446 37 980 403 171 760 242 163 332
462 708 938 995 198 491 630 501 609 319 515 304 803 882 959 292 381
266 112 202 329 116 305 279 679 320 265 463 290 372 950 515 450 311
331 231 911 67 672 887 779 580 839 75 360 118 916 340 177 179 141
545 835 425 678 622 128 29 271 406 763 98 794 424 764 775 986 713
548 340 274 167 323 128 538 690 482 383 775 939 344 966 705 461 410
816 912 52 569 326 796 915 563 389 387 966 462 898 748 341 992 108
960 432 363 787 118 755 468 488 335 342 776 395 678 714 958 509 268
701 321 110 268 822 906 846 639 269 271 685 583 473 161 10 261 59
213 58 994 329 182 294 410 356 30 916 582 982 940 562 23 927 903
751 501 350 302 380 735 23 850 820 773 586 535 525 930 450 120 916
165 67 787 28 766 547 599 237 523 810 384 136 200 909 289 87 947
645 299 270 78 669 785 248 40 816 688 967 730 26 469 67 482 808
475 228 971 970 433 487 516 394 86 174 771 844 595 906 911 710 7
577 84 940 861 333 429 422 697 963 170 500 631 900 704 515 273 535
217
2887 9170 963 1264 8403 9575 9373 414 5534 4099 1222 6475 7391 7191 503 1220 3325
346 405 227 899 49 823 671 761 339 479 221 433 226 440 904 141 488
95 801 979 635 873 130 955 629 384 35 995 404 216 115 876 208 212
452 673 192 424 54 559 836 510 967 327 11 59 760 42 1 933 712
303 30 256 271 368 76 848 98 558 53 188 490 697 678 28 148 747
500 212 29 325 68 30 947 520 541 993 507 514 21 544 890 735 324
354 780 151 941 746 181 256 825 595 279 565 579 570 612 150 188 256
576 372 343 772 356 756 974 944 745 202 791 388 939 708 335 160 593
737 580 920 890 931 113 168 617 145 572 37 958 519 149 269 59 780
337 479 473 501 207 202 730 583 653 406 687 384 822 578 243 648 931
957 850 353 257 814 85 195 157 113 528 214 541 285 709 722 507 111
540 99 550 231 578 371 264 285 256 324 281 566 715 178 29 986 507
228 330 495 660 975 674 227 217 529 935 982 468 877 208 379 881 614
312 816 592 170 120 462 315 23 889 256 851 921 489 559 5 454 613
346 439 575 37 821 944 423 635 153 141 16 574 736 311 514 8 855
729 86 818 855 502 171 552 103 681 561 290 770 570 332 593 560 709
914 0 817 119 50 892 236 923 210 374 385 408 462 834 156 70 525
266 128 532 857 654 470 94 288 930 196 184 622 966 236 879 149 155
236
2970 9487 571 3297 4801 7121 1722 7447 651 7585 3389 5380 2765 4871 2336 5879 8194
335 990 126 364 782 957 834 723 296 831 291 793 436 640 612 286 973
919 79 845 37 660 591 865 696 790 508 336 531 65 74 83 957 925
142 7 252 336 594 207 790 261 307 409 707 81 97 315 457 555 598
837 425 58 583 457 876 932 548 931 306 942 733 754 363 843 529 582
67 309 670 740 306 123 657 189 307 927 632 641 156 605 818 959 661
537 794 170 684 149 819 928 51 967 240 987 222 122 333 393 971 517
180 204 580 672 703 175 497 991 578 982 252 911 657 703 445 648 600
264 262 795 183 663 619 765 908 33 760 339 810 125 678 102 555 766
628 623 805 56 458 709 458 858 480 986 708 679 662 184 482 9 715
151 238 380 518 259 885 628 689 203 155 784 979 567 795 803 433 357
3 103 25 755 49 746 332 533 300 348 57 768 495 692 226 965 728
176 648 202 160 988 546 416 833 546 106 918 744 443 326 658 809 971
692 163 288 603 323 192 971 548 830 113 533 546 212 114 665 259 562
113 563 607 827 816 452 442 423 252 877 829 336 299 202 423 544 1
159 401 993 531 462 234 768 174 329 822 110 678 1 219 206 342 495
666 846 172 360 352 947 704 183 315 838 190 108 874 385 368 484 120
901 785 460 3 116 999 191 986 174 663 898 230 180 534 463 888 678
208
2543 9713 1010 5922 1063 3462 1187 7663 1777 5208 1072 1037 3381 7918 8241 6817 1079
304 167 326 247 696 943 373 822 703 858 405 84 757 616 39 230 349
253 327 281 546 313 408 863 419 544 951 318 177 427 359 787 531 423
436 495 197 168 228 382 347 599 743 445 446 74 790 428 746 644 844
945 488 485 975 430 662 156 678 82 924 434 780 690 651 329 73 844
674 579 695 16 711 292 825 662 333 213 792 723 25 600 600 136 520
707 18 308 644 753 456 883 528 495 590 638 797 203 675 372 334 114
401 83 700 202 461 706 905 642 872 819 256 43 956 692 176 970 540
731 103 628 650 279 760 638 355 849 766 836 321 817 628 819 195 434
885 592 367 197 532 604 605 444 967 367 446 776 615 842 24 696 445
486 532 958 744 731 391 31 287 220 679 832 566 46 670 0 974 667
314 153 563 591 45 352 352 965 400 475 231 993 910 13 741 769 433
260 637 746 24 980 21 90 322 935 253 989 164 416 665 105 249 506
704 525 263 314 273 113 581 795 781 137 173 990 256 655 121 183 899
964 535 714 296 121 149 562 565 208 768 659 59 525 969 50 428 579
542 601 51 354 76 338 786 890 14 689 926 468 156 851 814 772 743
542 633 663 699 805 938 781 50 673 187 282 854 503 303 85 179 560
146 438 615 156 598 378 375 728 876 65 801 569 438 395 894 797 485
39
6897 9221 3220 6699 8260 7177 6776 8071 3440 3642 7487 734 2793 5636 7583 3970 5461
471 484 463 633 226 316 511 731 243 862 345 117 365 853 570 660 12
519 909 236 185 455 183 496 345 622 161 535 401 382 180 253 552 580
32 831 515 823 843 707 514 867 713 894 744 442 222 120 177 161 706
474 510 855 572 683 833 154 675 367 346 23 436 482 1 930 889 948
242 980 945 999 217 160 779 159 800 464 347 594 100 143 96 433 756
240 286 981 465 33 68 128 266 922 458 570 232 211 590 222 732 323
598 656 391 285 565 613 202 146 913 212 95 319 428 195 331 246 342
258 874 819 521 995 80 831 551 839 784 460 803 846 800 852 582 107
727 613 878 644 852 443 300 695 722 847 152 854 726 703 757 974 546
693 521 892 199 110 965 197 382 481 28 756 22 698 356 367 573 78
682 447 466 181 890 875 339 709 89 721 394 107 696 962 425 78 190
960 852 847 950 404 139 378 82 167 528 722 586 358 138 386 462 905
991 176 742 965 288 660 575 856 345 887 588 705 310 227 431 618 762
793 903 862 34 348 144 984 465 918 939 588 345 599 804 443 925 381
916 557 770 14 107 800 871 134 542 267 658 953 514 768 673 366 221
86 756 93 973 648 481 479 491 681 449 18 926 173 525 946 883 829
374 920 701 371 762 141 403 95 581 368 550 528 618 446 778 448 325
40
5093 4071 6655 9311 6775 5954 2870 7835 5355 7888 6765 7155 1047 9341 8718 1411 1114
678 238 423 254 632 745 553 580 688 234 623 963 972 65 45 309 369
381 369 222 161 713 426 487 795 150 41 190 264 25 807 609 568 246
576 773 554 151 182 693 794 102 181 612 286 185 317 191 265 98 418
126 701 469 541 420 556 508 893 419 67 976 758 4 594 164 52 495
931 670 19 757 794 794 471 946 454 937 181 689 225 459 679 763 940
858 661 162 989 16 112 671 682 818 285 465 832 473 794 250 991 710
756 353 914 691 849 658 313 191 412 17 134 401 55 872 630 925 358
130 87 616 328 450 161 961 203 469 302 300 397 429 949 428 898 204
178 762 8 211 73 834 864 120 411 444 839 496 301 673 17 614 316
566 354 766 337 765 613 423 230 623 116 722 182 729 447 491 757 353
89 954 987 700 150 134 619 22 241 976 591 378 784 155 610 568 393
456 413 73 375 137 313 532 595 382 379 468 427 529 558 458 623 211
939 170 378 334 323 152 73 476 501 536 826 906 584 375 305 656 428
742 637 145 720 766 866 228 536 310 150 363 960 390 798 401 861 575
472 455 31 494 858 201 82 656 334 6 116 388 74 800 470 107 570
118 561 114 148 846 283 342 951 437 17 633 659 769 789 258 114 635
723 560 980 651 487 726 522 734 499 121 342 151 522 254 102 188 154
108
2190 3469 2147 5737 4823 8790 2746 7248 9437 5234 8572 4473 1495 7776 8907 4681 2195
296 273 680 98 113 341 229 454 438 218 805 788 570 292 313 772 288
759 646 47 394 535 435 313 141 36 768 150 797 720 702 677 316 160
860 226 393 52 637 632 681 99 596 134 201 887 830 650 378 197 736
926 258 733 136 760 808 131 692 222 210 506 971 460 151 461 19 866
380 451 902 559 653 509 439 211 868 843 392 738 599 563 300 287 266
354 640 638 452 677 934 154 890 477 496 339 549 377 681 838 262 11
640 568 947 916 641 868 794 198 332 960 301 511 558 869 601 717 441
646 637 964 393 78 952 619 591 968 202 18 287 58 272 632 757 250
566 372 106 723 250 476 3 963 782 76 911 971 811 355 530 940 397
867 303 364 613 988 123 931 7 815 407 210 748 12 120 67 517 108
454 958 668 209 785 800 540 879 623 190 548 347 977 80 442 643 80
475 198 595 509 9 866 578 528 809 863 813 680 675 274 936 898 53
731 148 76 188 345 184 878 690 248 459 346 824 956 192 532 704 604
196 132 918 352 25 0 397 368 965 615 663 729 783 307 52 285 58
36 569 847 106 986 931 242 996 432 589 593 0 118 845 36 297 458
504 250 198 888 617 384 353 922 816 769 958 740 564 694 919 641 788
225 140 441 936 642 481 638 996 214 668 696 525 336 884 914 606 78
237
9638 8895 4339 644 4251 7748 4367 6902 3766 5930 3595 2184 9957 9454 6225 9522 684
729 45 926 296 493 872 383 667 241 499 302 832 58 128 365 526 364
17 826 619 625 130 985 929 311 337 76 181 483 591 703 605 28 171
267 841 55 269 771 472 690 359 850 158 380 765 852 690 249 44 84
760 767 94 343 69 323 117 36 344 463 407 505 841 522 996 594 985
295 683 763 91 456 982 237 709 187 958 897 345 41 556 588 239 783
412 123 710 897 385 489 911 151 836 732 961 157 795 729 242 851 111
18 612 734 233 253 182 88 593 440 120 99 664 130 335 908 362 465
941 2 472 618 567 323 206 374 704 172 307 699 508 20 851 628 599
738 912 482 131 555 912 527 126 539 674 445 27 498 258 550 600 104
377 81 525 202 616 999 759 90 408 209 525 754 761 664 633 181 746
653 15 978 928 244 956 763 353 267 89 97 978 196 478 688 561 214
905 81 520 9 888 195 699 702 890 393 737 628 511 855 396 234 618
401 481 315 686 197 606 9 468 847 226 2 379 528 148 618 473 230
144 654 9 528 445 354 103 670 764 537 41 780 190 902 97 262 709
508 403 29 533 292 428 334 478 197 118 686 932 774 785 782 275 14
117 681 581 758 256 237 601 41 253 264 915 269 260 389 521 957 944
994 164 469 410 11 300 323 464 718 164 963 100 993 738 750 359 270
41
9089 583 4470 767 1525 5453 8120 4750 4935 8038 1489 3992 1490 2473 5980 208 2347
717 760 308 933 789 903 920 739 138 957 634 179 450 78 750 636 862
436 23 419 273 789 887 969 257 760 958 729 142 487 313 182 520 808
742 476 627 120 939 570 954 583 177 889 538 278 998 424 724 391 484
47 827 215 859 43 176 86 150 304 524 722 612 724 246 380 38 785
887 850 472 353 163 123 627 1000 782 914 606 116 373 473 622 930 431
933 517 544 633 626 916 475 302 73 261 398 109 962 992 610 301 546
221 636 986 167 663 328 319 697 625 484 156 91 721 463 606 826 707
646 815 790 260 343 297 790 822 970 589 621 577 996 178 735 442 956
314 154 885 789 392 821 393 756 628 711 921 345 242 737 33 926 853
310 377 571 437 277 143 870 577 277 163 760 931 99 618 723 47 639
284 61 612 758 6 563 811 499 286 570 744 516 388 418 614 828 321
919 957 10 833 930 967 759 773 340 542 662 519 71 493 819 772 185
102 665 583 469 938 679 801 431 678 28 422 93 908 571 66 910 460
420 787 708 594 478 290 415 574 599 941 804 226 479 385 705 153 244
265 496 713 856 307 50 392 90 72 320 14 409 977 371 332 417 391
897 499 495 49 492 221 367 964 121 232 48 552 726 835 412 482 539
780 10 571 320 338 268 566 664 422 800 808 956 120 928 589 653 196
153
6911 2454 1981 5811 6207 1589 228 242 9232 2430 8159 6849 9625 8629 3554 4904 5260
745 783 295 634 396 92 515 640 0 411 776 351 658 254 139 1000 41
857 181 52 482 956 80 500 849 880 99 38 907 288 813 279 263 28
378 682 407 441 202 410 756 301 15 769 6 410 261 339 836 696 220
439 123 263 807 881 263 526 86 445 75 101 520 510 172 828 504 799
573 972 936 808 472 248 812 222 472 805 479 939 558 571 902 715 715
729 637 72 78 262 985 179 943 178 181 784 446 504 471 294 944 719
789 594 53 391 189 151 657 285 916 675 555 155 859 631 861 451 927
254 941 6 19 549 830 323 569 233 275 874 13 155 683 375 868 365
949 162 573 464 545 614 991 1000 655 144 658 941 283 186 799 915 40
437 80 804 381 526 16 629 863 778 529 370 69 760 843 31 823 12
51 279 970 210 894 674 170 51 58 601 82 609 206 175 47 250 253
662 620 107 363 782 894 814 612 340 26 876 213 868 559 888 178 183
143 356 172 622 161 355 961 514 947 786 664 939 587 701 26 52 949
573 542 876 65 663 524 730 797 115 982 197 581 287 907 179 394 782
144 754 696 350 252 53 734 173 721 476 825 266 347 372 884 346 783
666 292 705 456 884 269 1000 243 975 267 468 913 798 428 813 689 408
801 824 693 532 362 618 755 631 144 718 300 228 795 982 615 482 237
83
2620 9994 4476 2249 2001 1989 710 2873 5290 3154 8370 639 2434 9172 8513 7199 6339
99 732 788 124 620 681 515 567 8 421 84 74 844 934 877 615 834
646 938 94 896 203 457 610 986 917 279 872 148 436 333 197 317 368
983 315 516 991 20 965 915 141 418 720 666 166 250 655 781 167 254
999 951 344 863 650 14 468 256 237 121 19 449 154 1 798 747 103
179 659 98 544 193 718 317 650 484 800 138 53 598 632 740 318 841
677 9 310 884 829 131 982 267 563 863 416 651 447 836 196 795 735
202 184 657 636 184 309 150 990 469 681 798 89 365 476 480 910 484
637 53 538 682 693 538 722 60 178 325 258 225 735 4 530 638 157
678 751 437 428 184 889 285 326 254 432 168 919 241 166 308 124 284
501 432 981 285 91 171 559 178 70 431 205 384 299 825 385 402 754
707 497 37 331 8 907 874 391 614 116 370 569 562 127 898 934 653
478 793 3 913 67 869 35 189 590 909 504 296 186 331 650 640 28
90 355 443 993 329 63 177 562 839 447 236 187 781 891 100 579 541
470 642 73 884 142 715 893 750 77 704 795 734 279 629 822 656 470
710 341 921 65 346 34 282 337 168 705 853 266 539 225 675 501 305
660 7 688 973 875 11 159 339 572 181 855 283 700 448 925 371 39
185 909 90 73 6 453 49 2 597 58 954 119 271 49 492 772 590
202
7122 850 9298 8648 9264 1378 4913 6429 1240 2541 1057 7318 997 37 9500 9153 8079
960 501 604 816 872 399 728 748 302 532 178 971 798 192 484 920 3
639 279 938 78 943 865 971 484 36 338 214 294 755 230 911 805 755
380 815 463 836 932 447 754 355 915 800 804 709 463 756 407 13 981
120 237 51 485 479 659 682 957 534 871 292 478 688 706 29 934 898
823 111 487 704 823 645 829 271 480 276 897 543 701 632 209 390 248
591 357 39 205 724 468 746 455 859 70 999 162 336 214 660 613 804
634 452 768 69 311 396 446 221 922 784 355 795 450 889 868 89 967
109 988 547 489 249 188 421 288 916 86 267 299 261 11 710 369 146
793 674 878 750 160 887 230 647 47 655 900 793 754 878 353 817 77
124 230 60 580 163 437 705 656 592 452 422 830 641 244 585 838 147
229 472 388 358 6 233 662 273 621 841 606 242 313 954 486 69 354
440 449 814 111 564 461 870 793 902 188 151 302 554 517 502 195 1000
532 943 989 573 24 296 798 600 231 216 138 506 229 584 118 3 719
314 398 93 93 98 367 16 312 753 875 243 185 393 255 68 506 221
877 894 699 14 331 143 7 845 937 130 732 513 700 873 887 828 936
352 87 596 872 917 0 229 583 35 665 856 285 980 391 997 985 557
452 303 717 900 420 389 838 677 688 551 461 259 289 57 121 332 917
136
8791 5120 2012 9527 5865 8575 3657 5689 830 6131 8942 2795 422 8942 2691 7846 7631
333 593 531 153 179 137 350 536 862 867 442 495 138 360 765 736 168
386 596 880 121 324 886 993 965 725 813 672 279 654 425 334 298 42
647 294 952 199 391 741 43 609 222 61 420 22 628 495 783 283 183
841 396 508 726 363 893 484 181 812 287 735 602 453 931 327 277 776
126 626 265 312 378 775 612 423 968 919 257 439 5 286 194 302 587
817 254 894 795 90 616 0 265 350 626 666 436 485 693 91 146 953
431 997 487 419 629 710 526 587 13 732 321 119 377 739 865 448 855
288 678 384 980 773 526 277 621 197 317 721 587 491 913 245 995 727
556 436 511 127 240 774 107 927 253 611 694 706 333 542 823 438 375
578 412 952 785 968 149 665 906 221 458 43 729 247 908 557 67 559
772 116 923 166 861 704 412 429 857 989 761 445 35 96 284 926 270
384 215 875 826 872 568 605 230 44 830 379 240 467 805 360 142 400
847 191 716 195 447 814 58 926 112 446 753 936 837 789 395 675 188
129 650 951 968 267 369 79 912 592 706 823 376 988 837 992 685 479
756 595 38 582 507 613 19 99 348 753 293 630 168 716 947 599 261
487 597 444 820 20 806 515 73 117 428 425 609 664 575 338 384 346
225 655 889 168 310 373 309 532 948 958 925 155 724 828 153 452 983
287
8514 9461 2297 7771 4957 3356 8972 1818 9008 4708 134 2669 2955 2372 239 6348 7875
966 241 562 159 746 244 211 634 557 247 883 58 296 516 353 826 115
718 938 204 151 138 129 986 925 396 442 397 525 749 225 407 904 406
69 168 571 171 81 748 97 451 108 934 719 901 317 473 980 638 311
604 228 45 792 897 455 808 567 333 292 111 11 165 756 655 105 843
392 867 423 866 479 452 297 88 238 985 685 395 607 820 715 296 508
885 678 697 999 902 296 816 651 356 955 402 384 115 678 74 453 788
938 750 923 242 863 142 180 446 345 380 556 303 4 813 319 4 515
441 899 217 465 471 231 154 545 565 514 742 900 767 19 115 588 482
835 113 587 932 421 422 126 594 509 958 284 166 336 889 712 33 93
60 538 142 364 581 480 539 315 524 193 308 115 430 18 792 217 918
827 836 335 452 329 320 806 157 295 382 461 482 675 24 914 834 293
685 729 905 664 3 824 278 821 566 786 777 607 254 256 340 307 923
315 742 726 689 705 633 84 173 150 132 224 549 137 235 815 436 964
797 472 808 729 120 147 422 103 334 409 92 264 94 534 63 308 959
295 742 590 885 336 58 352 910 446 857 141 735 353 480 265 124 222
654 375 200 379 976 954 8 747 378 476 197 381 555 492 699 960 841
501 242 247 511 304 761 839 106 221 893 407 650 849 216 969 93 232
215
355 7866 8058 989 1238 1964 7272 6826 24 6358 1787 6840 9004 8288 2589 4034 8458
243 758 896 382 103 602 4 23 320 503 954 36 749 501 227 411 538
452 828 918 545 136 459 994 951 927 876 859 33 204 736 246 412 481
372 240 433 417 985 150 38 232 89 334 102 739 771 724 768 129 621
340 721 739 219 271 70 414 288 444 145 425 416 222 161 862 328 451
889 574 783 239 157 223 631 825 637 811 129 704 532 532 518 557 317
467 742 871 605 53 937 601 652 764 883 475 978 567 738 602 890 530
534 68 995 709 470 684 267 565 143 77 367 702 842 991 251 601 490
852 290 350 282 181 338 261 139 378 448 485 331 477 795 63 27 245
442 201 318 228 909 497 778 867 181 428 201 993 857 475 581 839 437
556 21 21 723 867 377 75 267 777 334 999 703 862 916 411 228 692
381 497 156 481 652 132 925 718 496 847 729 71 259 756 460 139 133
99 2 585 911 68 969 88 789 76 181 932 298 36 925 657 681 933
604 446 42 493 652 324 116 33 880 748 159 352 819 848 622 586 375
859 712 629 863 18 965 494 476 721 138 624 938 53 467 701 523 27
615 400 787 14 7 698 319 715 364 151 871 381 780 585 716 189 407
589 162 235 686 496 303 467 317 976 252 118 279 841 392 648 692 336
534 773 606 917 736 297 290 499 754 979 657 129 636 454 748 820 652
220
6280 4321 4009 1303 4874 9925 7835 1623 2719 9953 5049 8577 5189 9460 2308 1397 2172
949 15 801 869 646 256 127 819 932 774 989 853 661 991 50 988 945
36 336 138 746 779 757 215 644 585 636 469 542 487 56 953 242 405
189 491 309 533 938 795 657 788 970 144 754 362 918 460 746 966 662
379 939 433 926 642 640 988 4 730 498 734 629 584 214 745 102 158
122 621 444 703 80 494 601 129 93 318 308 145 979 985 712 381 753
146 140 943 537 990 925 121 223 728 329 399 202 881 124 363 55 467
48 639 831 985 906 454 667 86 787 118 10 26 603 861 845 606 48
475 303 79 906 201 490 333 541 633 545 833 229 368 715 236 117 632
744 675 31 326 35 373 618 711 887 612 636 418 239 985 528 202 642
124 530 563 911 369 467 389 258 944 516 262 749 105 569 904 389 91
783 250 126 635 150 124 330 434 768 162 3 728 7 815 464 844 559
891 937 929 805 763 830 935 270 964 175 262 814 346 487 408 885 33
180 74 692 22 592 772 818 499 577 972 411 666 620 600 150 374 859
322 803 251 219 907 637 895 852 851 81 781 553 648 187 309 273 642
638 264 338 754 789 660 970 395 744 309 700 76 112 296 807 610 938
752 61 810 948 572 681 22 93 693 984 213 195 743 589 504 873 582
707 417 809 444 505 628 709 697 233 601 647 239 750 598 769 889 259
205
6550 2709 2052 118 320 595 2460 3673 171 8602 8987 2164 9100 9602 5964 5856 7848
124 614 444 314 577 676 621 580 78 462 745 229 762 747 25 987 318
948 891 527 598 533 366 802 771 929 678 415 859 182 269 463 856 233
334 515 267 670 811 739 388 652 516 899 539 650 13 60 48 591 223
909 273 449 354 448 558 454 186 257 649 834 176 754 183 751 284 622
182 242 384 843 419 183 62 928 718 892 894 952 769 149 657 269 579
512 855 585 461 542 696 768 213 168 357 589 943 963 678 139 583 117
890 171 193 914 324 210 735 874 431 219 457 253 75 405 309 460 99
764 806 249 750 30 947 178 159 900 934 537 164 156 593 315 712 280
489 364 916 23 887 35 499 961 57 403 836 492 446 862 362 282 619
562 569 777 106 748 506 158 37 604 277 877 519 892 547 474 167 459
456 287 186 113 70 231 329 90 969 26 828 316 554 655 8 872 107
587 401 995 631 528 363 958 77 412 266 257 457 745 585 849 238 772
506 405 167 95 527 945 509 678 482 196 363 411 104 293 530 420 134
134 869 712 574 590 306 934 188 66 346 891 588 583 30 361 110 776
177 570 928 789 169 173 826 759 641 824 532 341 205 824 58 414 661
101 89 156 912 782 28 64 162 663 106 644 69 793 447 121 62 745
624 114 395 678 135 237 492 651 202 730 974 515 524 645 493 364 619
141
3907 4316 3572 1956 6468 2924 6874 4610 5426 1958 2408 7323 3547 1948 3194 9126 7410
643 281 918 623 374 988 766 417 900 173 35 914 612 231 928 116 886
778 775 458 349 565 538 605 933 791 972 49 412 345 179 183 301 170
396 871 616 180 304 117 699 872 436 866 647 760 347 862 962 103 84
996 107 112 422 91 490 721 749 655 454 352 408 901 57 190 626 846
207 113 38 289 73 844 757 245 894 493 439 274 726 410 319 832 963
660 922 91 162 869 132 663 775 247 447 962 876 895 130 956 581 884
75 8 864 14 258 451 280 827 666 675 342 855 192 803 56 355 779
88 888 336 470 64 54 848 236 992 653 573 18 998 260 954 265 431
843 457 790 332 34 526 976 670 175 331 2 667 768 447 957 119 65
226 168 241 804 603 731 844 950 192 308 691 9 361 944 473 978 245
370 333 684 401 533 420 515 408 427 368 304 497 426 979 968 319 539
494 829 744 99 661 261 192 337 408 215 189 191 543 903 660 342 82
582 895 780 314 57 658 261 181 909 700 379 217 62 132 747 515 768
867 526 872 277 746 89 650 770 684 104 130 183 453 427 601 853 762
374 27 957 65 411 830 915 498 283 206 277 652 70 123 762 882 411
665 86 707 663 305 391 606 993 425 52 54 726 33 448 595 724 790
769 614 165 164 691 30 559 544 943 14 167 587 42 64 167 516 242
172
6730 1351 1240 2633 5461 9321 2077 1242 5969 9437 388 160 2044 274 6682 1889 5724
497 317 512 742 65 234 31 884 559 16 793 443 61 983 588 957 834
544 916 534 580 346 260 419 63 594 503 311 867 48 996 218 972 379
364 574 184 932 603 162 43 544 394 165 913 230 209 670 921 200 835
649 84 747 337 449 162 814 213 153 51 163 218 107 24 246 316 383
23 665 265 751 200 274 723 966 513 582 152 898 785 219 493 911 846
257 684 404 139 183 207 349 675 929 582 297 159 128 777 915 323 193
804 7 259 704 147 248 154 399 459 319 772 160 134 35 837 494 838
266 965 36 524 642 692 137 834 786 623 462 296 386 143 993 567 68
667 412 436 625 717 963 792 457 768 604 935 214 469 260 960 857 354
139 928 982 437 296 756 616 146 238 144 693 924 397 468 441 411 473
819 384 459 681 845 670 143 420 469 577 4 690 448 103 244 872 320
54 356 977 960 464 210 205 262 466 748 399 923 206 904 983 662 551
755 616 615 156 221 235 40 726 554 630 531 241 847 575 327 961 486
734 559 52 39 869 519 279 284 644 971 20 96 58 529 622 92 222
130 954 601 966 822 1000 611 790 0 875 326 882 978 62 504 185 292
469 76 553 717 707 583 434 418 641 161 844 707 772 339 873 779 411
629 813 241 149 780 271 945 653 860 972 228 138 732 931 664 851 307
268
4493 2225 7419 9795 1937 6347 3512 7970 9938 6371 3350 7009 2723 2919 3240 3483 5757
15 227 155 454 757 345 735 692 805 770 772 480 522 748 480 84 256
225 524 934 169 866 695 561 386 375 679 360 257 176 894 73 961 586
300 729 401 62 592 294 512 13 446 37 980 403 171 760 242 163 332
462 708 938 995 198 491 630 501 609 319 515 304 803 882 959 292 381
266 112 202 329 116 305 279 679 320 265 463 290 372 950 515 450 311
331 231 911 67 672 887 779 580 839 75 360 118 916 340 177 179 141
545 835 425 678 622 128 29 271 406 763 98 794 424 764 775 986 713
548 340 274 167 323 128 538 690 482 383 775 939 344 966 705 461 410
816 912 52 569 326 796 915 563 389 387 966 462 898 748 341 992 108
960 432 363 787 118 755 468 488 335 342 776 395 678 714 958 509 268
701 321 110 268 822 906 846 639 269 271 685 583 473 161 10 261 59
213 58 994 329 182 294 410 356 30 916 582 982 940 562 23 927 903
751 501 350 302 380 735 23 850 820 773 586 535 525 930 450 120 916
165 67 787 28 766 547 599 237 523 810 384 136 200 909 289 87 947
645 299 270 78 669 785 248 40 816 688 967 730 26 469 67 482 808
475 228 971 970 433 487 516 394 86 174 771 844 595 906 911 710 7
577 84 940 861 333 429 422 697 963 170 500 631 900 704 515 273 535
217
2887 9170 963 1264 8403 9575 9373 414 5534 4099 1222 6475 7391 7191 503 1220 3325
346 405 227 899 49 823 671 761 339 479 221 433 226 440 904 141 488
95 801 979 635 873 130 955 629 384 35 995 404 216 115 876 208 212
452 673 192 424 54 559 836 510 967 327 11 59 760 42 1 933 712
303 30 256 271 368 76 848 98 558 53 188 490 697 678 28 148 747
500 212 29 325 68 30 947 520 541 993 507 514 21 544 890 735 324
354 780 151 941 746 181 256 825 595 279 565 579 570 612 150 188 256
576 372 343 772 356 756 974 944 745 202 791 388 939 708 335 160 593
737 580 920 890 931 113 168 617 145 572 37 958 519 149 269 59 780
337 479 473 501 207 202 730 583 653 406 687 384 822 578 243 648 931
957 850 353 257 814 85 195 157 113 528 214 541 285 709 722 507 111
540 99 550 231 578 371 264 285 256 324 281 566 715 178 29 986 507
228 330 495 660 975 674 227 217 529 935 982 468 877 208 379 881 614
312 816 592 170 120 462 315 23 889 256 851 921 489 559 5 454 613
346 439 575 37 821 944 423 635 153 141 16 574 736 311 514 8 855
729 86 818 855 502 171 552 103 681 561 290 770 570 332 593 560 709
914 0 817 119 50 892 236 923 210 374 385 408 462 834 156 70 525
266 128 532 857 654 470 94 288 930 196 184 622 966 236 879 149 155
536
2970 9487 571 3297 4801 7121 1722 7447 651 7585 3389 5380 2765 4871 2336 5879 8194
335 990 126 364 782 957 834 723 296 831 291 793 436 640 612 286 973
919 79 845 37 660 591 865 696 790 508 336 531 65 74 83 957 925
142 7 252 336 594 207 790 261 307 409 707 81 97 315 457 555 598
837 425 58 583 457 876 932 548 931 306 942 733 754 363 843 529 582
67 309 670 740 306 123 657 189 307 927 632 641 156 605 818 959 661
537 794 170 684 149 819 928 51 967 240 987 222 122 333 393 971 517
180 204 580 672 703 175 497 991 578 982 252 911 657 703 445 648 600
264 262 795 183 663 619 765 908 33 760 339 810 125 678 102 555 766
628 623 805 56 458 709 458 858 480 986 708 679 662 184 482 9 715
151 238 380 518 259 885 628 689 203 155 784 979 567 795 803 433 357
3 103 25 755 49 746 332 533 300 348 57 768 495 692 226 965 728
176 648 202 160 988 546 416 833 546 106 918 744 443 326 658 809 971
692 163 288 603 323 192 971 548 830 113 533 546 212 114 665 259 562
113 563 607 827 816 452 442 423 252 877 829 336 299 202 423 544 1
159 401 993 531 462 234 768 174 329 822 110 678 1 219 206 342 495
666 846 172 360 352 947 704 183 315 838 190 108 874 385 368 484 120
901 785 460 3 116 999 191 986 174 663 898 230 180 534 463 888 678
208
2543 9713 1010 5922 1063 3462 1187 7663 1777 5208 1072 1037 3381 7918 8241 6817 1079
304 167 326 247 696 943 373 822 703 858 405 84 757 616 39 230 349
253 327 281 546 313 408 863 419 544 951 318 177 427 359 787 531 423
436 495 197 168 228 382 347 599 743 445 446 74 790 428 746 644 844
945 488 485 975 430 662 156 678 82 924 434 780 690 651 329 73 844
674 579 695 16 711 292 825 662 333 213 792 723 25 600 600 136 520
707 18 308 644 753 456 883 528 495 590 638 797 203 675 372 334 114
401 83 700 202 461 706 905 642 872 819 256 43 956 692 176 970 540
731 103 628 650 279 760 638 355 849 766 836 321 817 628 819 195 434
885 592 367 197 532 604 605 444 967 367 446 776 615 842 24 696 445
486 532 958 744 731 391 31 287 220 679 832 566 46 670 0 974 667
314 153 563 591 45 352 352 965 400 475 231 993 910 13 741 769 433
260 637 746 24 980 21 90 322 935 253 989 164 416 665 105 249 506
704 525 263 314 273 113 581 795 781 137 173 990 256 655 121 183 899
964 535 714 296 121 149 562 565 208 768 659 59 525 969 50 428 579
542 601 51 354 76 338 786 890 14 689 926 468 156 851 814 772 743
542 633 663 699 805 938 781 50 673 187 282 854 503 303 85 179 560
146 438 615 156 598 378 375 728 876 65 801 569 438 395 894 797 485
