5
45
6313 0 0 0 0 0 7494 0 0 0 0 0 0 0 0 0 6684
383 184 642 277 893 606 765 218 434 17 335 929 447 106 214 293 826
298 264 410 892 711 747 703 281 951 640 429 743 34 706 631 878 299
92 819 536 887 274 102 147 435 307 516 219 563 409 320 25 349 690
209 210 346 725 781 873 421 452 971 771 841 295 264 16 795 930 348
713 802 975 929 548 315 180 392 487 177 187 690 573 560 624 989 78
925 429 292 871 757 683 805 271 967 443 607 862 935 814 334 468 131
176 891 975 821 591 235 668 885 458 530 4 706 191 555 731 451 81
481 990 734 334 581 219 143 609 205 222 740 599 452 229 312 549 283
987 135 435 663 558 479 492 805 872 584 184 449 990 529 207 433 690
474 869 152 233 289 77 180 124 518 16 581 270 437 1000 715 419 262
213 296 804 942 62 56 472 749 857 157 850 946 422 542 653 64 151
111 252 181 905 21 874 867 46 811 983 724 529 158 855 166 152 168
696 643 769 193 586 308 862 634 892 142 112 97 568 617 241 727 123
254 236 999 990 875 810 964 665 310 438 901 563 632 882 785 374 814
778 904 475 129 785 43 75 953 225 643 875 55 600 4 812 597 993
279 742 921 358 543 940 458 324 64 623 670 489 649 95 136 287 247
415 837 408 755 946 336 10 619 964 67 150 890 864 423 916 77 881
212
0 0 0 0 0 0 0 0 0 0 0 8351 0 7366 0 0 223
280 869 91 555 334 114 717 668 118 487 436 29 797 598 203 892 972
207 179 649 434 131 55 409 650 698 24 250 300 597 760 287 59 169
439 57 803 905 305 176 457 866 788 523 69 425 847 850 866 211 997
741 289 854 870 854 458 98 810 268 49 156 42 77 147 78 637 132
600 502 886 267 279 886 263 424 639 917 953 250 287 695 407 696 287
988 275 218 830 363 611 2 738 119 931 138 959 928 666 16 0 474
672 896 908 765 329 718 943 149 741 683 178 6 547 959 949 774 884
383 781 625 421 809 210 660 613 87 234 819 880 160 830 321 143 130
53 550 559 400 705 397 370 852 141 795 188 723 613 176 513 872 719
578 128 58 337 354 485 451 903 945 674 501 673 473 193 155 821 323
364 949 674 68 207 575 432 269 147 461 373 92 925 57 974 484 402
602 745 975 885 340 548 533 549 248 402 762 713 63 497 257 467 326
887 298 90 524 432 676 610 330 350 348 348 163 996 636 544 775 349
19 150 247 615 847 845 567 382 745 538 738 230 31 691 769 137 623
64 746 177 821 539 297 951 172 223 59 897 627 168 658 88 593 298
780 732 504 210 165 531 117 977 238 825 680 966 203 978 776 646 405
360 342 63 13 339 519 726 727 439 141 726 347 658 261 816 656 655
50
0 6797 0 7752 0 0 0 5783 0 0 1357 0 0 0 0 459 4277
594 156 104 121 751 616 597 548 620 96 251 254 213 166 730 186 841
557 76 27 965 730 687 697 519 752 280 42 344 492 946 801 692 592
593 982 546 578 158 789 391 17 456 761 882 176 183 423 508 243 462
633 15 245 151 959 781 9 981 56 615 28 938 551 844 337 702 653
832 207 418 251 813 632 172 116 868 134 68 485 164 161 204 297 377
900 252 820 388 398 450 818 749 13 210 627 840 90 195 818 686 865
4 969 908 586 858 19 412 645 753 570 662 351 224 973 167 521 487
769 527 475 461 190 924 888 838 254 919 909 150 170 269 579 18 886
824 823 603 706 309 510 16 463 301 89 547 302 529 337 294 938 309
98 626 994 283 814 571 776 444 881 745 623 971 572 235 794 365 376
806 367 908 461 377 328 775 14 504 997 891 303 585 516 496 423 396
320 584 92 427 442 172 130 732 98 995 471 434 602 522 789 236 206
780 161 26 709 431 797 5 456 441 508 209 867 510 168 62 481 15
486 572 89 778 875 969 270 512 627 71 333 615 694 441 909 56 676
425 999 8 403 326 831 391 240 493 467 895 352 755 536 113 892 699
668 798 365 358 25 38 260 603 125 413 757 133 906 357 531 446 970
635 368 54 14 238 717 230 115 852 292 442 291 378 198 917 509 483
133
8292 7346 0 0 0 0 7394 0 0 0 849 0 0 6510 431 6251 5146
409 66 298 468 585 601 871 231 239 324 260 819 100 920 363 400 310
600 217 842 329 40 656 895 67 698 39 973 453 781 642 632 151 163
179 18 288 301 328 878 886 946 406 696 357 782 172 726 293 508 394
119 798 452 952 313 417 408 382 992 564 655 23 864 198 748 203 867
980 384 261 228 774 781 926 405 987 269 942 589 8 78 540 941 80
760 274 566 448 470 247 591 217 306 939 780 154 450 921 277 256 513
865 877 246 97 731 872 252 505 685 333 664 870 637 484 561 1 432
608 742 444 667 919 628 866 709 927 831 755 274 609 817 97 359 672
798 749 179 523 260 627 706 705 675 554 851 22 194 223 262 326 25
270 270 949 55 946 412 780 984 51 862 252 140 29 457 803 184 968
227 351 953 724 859 647 928 448 475 66 308 428 414 69 763 3 871
219 861 437 623 482 367 788 199 633 340 213 690 718 844 365 752 912
111 694 493 30 518 454 193 485 536 892 238 321 892 283 671 569 717
919 463 373 679 322 402 269 103 34 816 732 682 671 549 324 93 119
981 133 481 853 608 182 619 374 698 762 289 395 266 603 195 245 347
721 823 124 297 450 957 628 412 154 813 460 275 741 830 333 980 953
589 42 713 359 339 856 454 268 304 474 907 285 116 18 917 934 910
152
9582 0 7290 1584 0 0 0 0 0 389 0 0 5530 0 0 0 6406
820 672 640 450 736 123 586 476 157 197 902 840 927 754 426 632 812
79 997 480 364 525 293 929 200 217 118 865 513 499 693 75 315 539
86 909 120 392 7 978 752 861 54 882 446 334 987 743 959 459 575
746 136 734 911 875 447 520 961 418 432 485 686 197 762 547 594 346
497 223 719 439 73 195 943 430 685 95 983 662 864 750 259 843 438
820 820 561 969 583 896 129 474 905 658 489 711 965 601 157 600 537
263 940 333 230 549 664 26 811 491 609 580 513 817 180 955 386 545
531 841 360 867 828 72 697 299 2 713 910 203 36 533 676 474 490
210 167 39 61 691 526 345 471 98 689 406 1 943 839 695 734 82
977 206 904 972 489 852 725 466 349 356 975 769 524 411 33 327 794
443 928 741 508 933 67 150 66 311 47 296 9 843 841 183 674 431
47 284 921 582 837 673 898 466 57 295 447 689 913 778 541 972 867
810 770 398 146 406 553 1000 687 421 271 113 662 578 546 184 513 698
907 513 654 769 280 270 609 734 31 944 196 863 161 229 518 639 71
644 918 743 431 66 524 625 479 389 466 434 533 502 854 209 788 958
221 337 340 484 46 810 136 569 355 89 580 681 347 275 656 861 728
512 101 762 261 521 706 106 454 864 753 335 449 449 710 721 983 966
