124
212 122 345 343 23 66 34 122 143 1214 354 2112 234 33 43 45 765 345 4232 984 324 786 119 120 222 123 33 432 543 564 654 323 432 543 55 44 33 654 567 1121 2343 1323 654 33 212 343 223 66 34 1252 143 214 354 1142 124 225 1523 33 432 543 564 654 323 432 543 575 454 33 654 567 654 733 44 76 27 463 65 337 2673 465 543 34 54 121 264 3443 24 45 334 224 53 41 55 123 55 32 12 129 44 76 27 43 1165 1333 2443 445 543 34 1154 121 2164 33 24 45 33 922 1253 421 955 123 1255 32 12 2129
0 1890 2629 1193 2864 436 1814 672 1599 773 1069 1932 2564 2566 1257 1413 1363 1451 1009 1614 1185 1644 1266 1482 1393 1819 1621 740 2381 2226 1075 1186 2923 1934 1813 1426 2700 1233 2110 1735 2887 799 2571 1946 1308 2325 621 2587 690 1819 1168 2499 1205 1539 2020 963 1557 790 1283 1218 1168 1414 480 1534 1321 1404 655 1728 1341 1395 2981 1201 1610 1019 776 2843 1282 2493 1211 1215 1505 2330 2013 969 1946 1650 1395 1578 899 773 1089 353 489 1359 2546 2671 1140 881 1530 2936 2091 3181 1855 2502 1252 2359 1407 1794 1450 2712 2615 1908 1278 1990 2839 3036 2542 3116 2397 1613 2578 3267 2251 3144
1015 0 1973 1575 1842 1328 1748 2265 1456 1678 2173 2892 1222 3083 1239 510 2121 1595 2152 428 2297 1933 2154 1845 2396 787 1457 1416 2876 692 1802 2293 1678 1317 2659 2237 1028 2058 2110 416 2652 3008 1117 881 666 3117 2041 2828 618 2558 2354 1385 2002 1425 2986 1835 1177 687 1605 2878 986 2001 1328 2814 1685 2618 2285 1963 1404 3238 803 1580 2284 2049 3459 2003 2561 2009 1824 3557 1308 2808 1011 2834 1018 2935 2612 793 1674 564 2672 3546 2342 3405 3334 1071 2584 3932 1961 3373 1225 731 1087 2183 408 812 3143 2340 1693 728 1222 3154 1227 3612 1183 1754 798 2866 290 1699 1907 377 2264 714
2784 1315 0 829 3366 2096 688 3229 1284 1852 2875 1550 1667 1624 2521 1972 3781 3639 2222 1334 1745 3942 575 2884 1582 2959 2870 1826 1396 910 3485 3064 1278 1772 834 3229 1043 1053 1096 3664 2707 3096 1931 2897 2129 3805 1796 1139 3029 1836 3509 769 1244 2403 3673 1753 3485 1185 2777 1012 2526 1263 1765 2968 3441 3445 1897 817 2006 1306 674 2527 1643 873 2218 1327 2548 445 2946 1649 3334 3512 948 1876 3599 2911 2760 1631 3626 1322 3263 2109 1021 976 3519 2563 2015 3560 1682 3621 994 2831 2286 3632 785 2136 3004 736 2848 2003 1863 2610 2116 2417 998 2494 508 314 1641 2929 2202 584 3774 1548
2753 1630 580 0 2303 3515 737 1144 2356 3132 2947 1188 3026 2940 2688 1015 1212 1126 2050 1144 1628 1076 3309 3397 426 1955 1781 3781 2867 1325 1212 3826 3671 3149 1788 2717 1586 3334 3103 1831 588 902 3025 3814 3187 3927 3391 1723 3313 3900 2687 3699 1369 3846 1935 2137 1182 793 3059 3068 764 1443 2039 3912 435 1554 606 1621 1205 2676 1400 1198 2697 1478 2675 1003 3125 1090 1670 259 3566 1767 1479 3087 1825 1845 3257 2447 1744 2163 3042 1421 3828 3687 2328 1214 1554 2789 1130 3299 1243 3442 3250 801 1967 562 3772 2926 1689 758 1429 3526 841 2013 1567 2197 2645 3449 2604 2972 2528 2917 782 563
3184 2744 3940 1219 0 2293 2686 1079 3090 2018 2118 834 2036 784 1215 2206 3251 2993 1231 1249 1356 1011 749 2132 983 1324 1213 1174 1854 1438 1922 1149 2682 2841 1136 908 3063 2535 2133 1153 3091 1057 2775 1765 3256 1064 2743 2152 1279 2801 632 3204 82 2472 1851 3104 992 1847 2160 735 1911 1511 1175 1577 1724 1940 290 1874 984 1074 980 2311 1754 1071 3086 883 2116 1050 520 3285 1549 2904 909 1284 1726 2840 2325 787 2458 2155 1842 1146 992 452 1312 342 1119 1133 2999 3162 846 1318 1312 3137 1499 1493 946 2831 1568 2036 879 1772 313 2345 1680 420 1812 1346 1710 3014 1733 2836 2420 398
2107 3138 1014 2500 614 0 723 1163 674 1256 2103 1640 1915 443 729 2501 1685 2489 1319 1343 1346 2000 972 1560 1217 691 1681 1477 2200 1090 739 1455 2780 1699 378 2193 151 1114 2033 829 846 780 1730 1441 2810 2782 1527 1049 1180 2956 1452 2108 1052 2198 2120 1850 742 1580 2750 2461 831 1818 388 2434 784 689 325 2660 2101 2308 1462 1738 1185 3002 2007 1469 2372 1399 2800 1265 723 1903 2712 1168 2613 921 1982 3657 1748 986 1701 2078 2720 2824 1673 1507 1723 1601 841 1928 1470 1339 1489 1553 1617 1369 2066 1052 2352 2302 511 1488 2691 2222 2117 1445 2752 1651 2274 1366 3245 617 2737 2009
1522 2682 1152 2899 589 1821 0 2907 1197 1559 2226 649 1682 1090 1616 1922 1397 1966 688 1508 1311 1281 716 1732 1532 1483 3118 1164 1603 1389 813 2693 1717 2728 1289 798 1748 2423 2102 1414 2015 1868 1832 1383 648 776 1302 231 906 1578 2712 2658 714 1265 1991 2911 1783 1408 1187 2878 1566 1900 389 1967 3812 2175 1811 271 1873 1318 1840 2849 1769 2729 2381 415 2126 3021 1066 2461 783 3190 424 1416 699 1211 2142 1561 1887 440 632 2590 1490 2671 1127 1436 1289 1836 887 1194 1527 973 1354 1200 2191 1184 657 1530 2478 1533 673 2369 262 1027 1983 999 581 956 1779 1267 3027 2948 1231 945
1075 3152 1252 2084 1197 1962 2110 0 922 1525 2580 2223 574 1556 557 2448 815 565 241 2736 2177 2158 1228 1898 1217 2858 1862 1192 2552 1375 2750 1614 758 2724 2806 1359 3484 666 2173 1200 2101 1400 968 2421 3440 3101 1116 914 830 609 1039 1880 693 1189 1230 601 2199 1417 2290 1228 2725 3038 1378 1065 3672 2543 1958 832 3444 702 2910 2430 3274 1267 2894 2614 1400 2717 785 3335 453 2443 1891 3535 900 2304 2252 1362 2172 1708 690 1607 1940 1859 611 2496 1311 1107 1404 2640 2158 1149 3402 314 2633 730 837 3485 1752 3496 611 1597 2265 3201 2282 318 2713 2107 1848 1084 1598 688 1283 898
1254 940 3436 3293 1224 1388 1025 3440 0 2537 2492 1852 2979 1271 1625 1512 1721 886 1942 1857 3414 2826 348 1506 511 1369 1408 1565 574 1612 942 1100 1667 2194 1701 1038 2160 2687 1939 542 3257 1974 1646 866 3224 1186 2612 2214 2988 1799 2315 2358 730 2146 537 2839 1056 2286 1786 3037 1467 2391 1747 1776 1767 1208 505 1280 1686 1427 833 2387 1980 1966 1665 2180 2065 1852 2919 540 2209 594 1481 3181 1277 2881 1514 2062 1734 2770 1805 1040 2119 1594 1456 1682 1891 987 557 1283 1033 1603 3197 2941 1583 552 1097 2999 1663 1727 864 2853 1637 2156 237 2013 595 2213 1649 1225 1973 1258 1562 2900
1544 2822 2703 327 2074 2889 965 2769 966 0 501 1357 815 1059 2562 1379 2314 508 607 2618 1851 2829 1549 1511 1500 2089 845 1617 1131 981 1629 1322 1943 1449 863 1410 2539 1768 300 2579 612 1278 2037 851 931 829 2025 1730 2972 2942 1563 1160 1211 3140 1343 2218 1449 1993 2219 2106 936 1666 2481 2482 1153 1874 580 2142 1153 480 724 2964 2308 2442 1497 1884 1533 2939 2226 1660 2607 1022 2703 1308 2681 1029 1546 3701 819 2991 1960 2802 1705 3637 3274 2031 3526 1536 3516 3827 3211 3942 3481 2177 3284 3883 2739 1722 1470 3665 2110 2543 1529 1188 2756 3145 487 1640 2491 3828 624 3908 1074 1630
1841 2857 1933 1015 2987 1868 2938 1228 3326 1019 0 1117 3648 1318 1701 3109 1972 2117 3633 2356 1751 2471 3099 1495 3533 3893 2264 1174 1485 3984 1695 3384 1309 3417 3195 143 2353 968 3882 2894 1550 474 1736 3550 1157 2274 1956 3968 2773 3351 2922 2904 2219 1674 480 979 3050 2597 486 1468 2567 1739 586 3736 964 2950 1055 2616 1040 3218 2627 1237 1384 1543 2539 3907 2772 3814 3225 1184 2853 2073 1909 3667 1368 3585 1061 2299 537 548 3113 2512 1563 799 1377 3320 1076 3638 768 2007 584 2785 499 1510 2404 550 2328 501 2988 1628 1485 1010 3531 2131 870 3359 1210 1847 2830 1776 1626 1505 2789 1934
3721 3859 2058 1270 1683 1907 283 3142 1525 2885 3050 0 1880 876 3738 3231 1342 1631 837 3393 970 1310 1261 3943 2812 3041 2164 2745 2136 1864 1741 900 3140 2255 3496 435 1213 2527 2581 2069 3074 1377 1652 1604 1691 1163 258 1523 3149 2832 3476 1876 255 1431 1719 1629 560 1708 938 1455 1976 2546 1483 1478 2273 2590 2023 489 3195 2026 1334 1209 3145 1191 2856 2158 2782 1932 2402 2337 629 2329 743 2747 1184 2366 1693 2902 1451 2283 1867 1898 1773 1416 715 993 1740 1260 1215 2122 2305 2225 1505 2380 2100 2030 2756 634 2404 737 1554 3283 1020 2857 1409 2101 1790 3020 1804 991 2488 1714 1769 1532
1898 1250 584 1258 1436 1925 3279 2725 2022 958 1419 2959 0 3059 3827 641 3964 1082 3017 1347 2759 964 1720 2775 3902 3749 1794 2119 1817 693 695 2975 1550 84 2080 809 2493 1001 2927 1801 3504 3760 1483 1729 3987 3164 3019 904 3549 736 3459 2557 1628 1723 3820 3107 2033 3432 1651 3887 906 3267 2457 3904 614 2690 3215 1096 2797 2202 1439 2558 2574 2598 1170 2587 743 671 2016 2917 2830 380 3969 1306 2795 1293 902 3980 2475 3806 389 1573 2650 3563 3318 888 3367 2962 2529 295 1845 999 1903 1474 1811 216 3870 3887 1198 1849 1016 2666 1088 2494 2293 1836 3222 1039 1645 1703 1665 846 353 1679
3182 2484 377 1737 1720 1441 1548 1661 564 2003 655 1338 2006 0 1745 1347 2413 2621 2187 515 3434 2059 1410 996 2991 1190 2826 2212 3048 1850 2435 2417 480 2336 968 2943 1088 2577 1740 2925 1590 2284 2112 1757 1667 1570 637 1312 1775 1068 972 2517 1998 2136 1728 2437 2048 2030 2980 619 2472 746 1545 3468 1343 3168 1596 2192 1796 2980 1963 1112 2368 1373 1636 1841 1916 1282 668 1367 1439 1714 3319 3124 1684 674 1046 3077 1558 2981 3427 1284 3735 1108 2755 1561 2630 710 1424 2546 3918 3578 1440 509 1479 402 899 2502 1188 617 1806 398 2418 1319 2811 1743 3361 3403 1566 1392 3988 3228 2689 594
1271 343 3388 2708 3776 1799 3465 2881 1834 3162 1353 3915 1049 2882 0 3669 759 2799 3048 1469 2657 2239 1115 1993 2201 2425 954 2563 1013 1092 1794 2878 2664 815 3800 758 2830 1095 1098 3932 2067 3958 327 1497 2468 3676 3024 785 3052 2647 2589 607 1689 626 1707 1102 1634 611 3665 3531 1204 1882 849 3759 1010 2657 3384 755 3507 805 2577 813 2515 829 1421 2642 3308 3369 1515 662 1418 1020 2545 2291 1239 802 1793 942 2042 825 2498 1600 3190 3291 1137 1627 3678 2801 2383 1152 3437 1025 2900 2184 3680 1191 3404 2592 1925 3072 1212 3425 727 2494 2135 3347 282 2342 2665 558 2231 1618 1274 2213
1888 2315 725 2390 722 842 1348 2725 2040 769 3818 1148 2269 1209 528 0 1916 3238 581 1072 2333 3249 2704 1017 2759 2632 2232 887 981 561 1708 700 1268 1030 3265 3308 520 1635 1218 3666 1801 1672 979 2552 1918 2116 512 1999 674 2195 1337 454 2119 1427 1705 2681 1597 2471 2386 970 1772 2971 1163 2610 960 3239 473 1065 1036 1507 2140 1168 2000 810 345 2306 1972 2651 1290 1605 1557 2248 1127 1494 1022 969 1350 1369 1978 1397 701 1641 2711 1830 535 2525 598 1024 2028 834 756 520 1795 1569 2769 2816 1311 980 1189 2982 1343 2033 1430 1982 2341 2105 741 1827 2584 2263 1032 1880 475 2098
1264 198 673 2648 2049 2086 1046 1806 1249 2926 2093 1755 2508 1236 2410 1695 0 2724 2705 1790 3293 975 1812 1521 1915 818 572 1956 3395 2914 585 1268 578 979 1172 1976 2628 1506 1272 848 1896 1917 1866 1484 2724 2714 2022 560 3364 2516 1997 474 3418 1014 2796 2348 3158 1538 2529 2684 986 2619 676 3237 999 2755 1712 3320 1325 2530 2394 1799 1739 1417 191 1454 1907 1587 851 2445 1611 1776 1633 2480 2179 1734 3357 333 2364 334 1236 3470 1293 3123 1210 1875 2175 2963 2096 560 2453 1784 2083 1149 1752 939 757 1226 1369 1365 3239 3005 1528 1112 1125 3319 1606 3107 3931 1038 3893 1060 2993 1288
2915 1073 1680 3028 3949 3947 1668 215 1997 672 912 2833 1376 1235 2094 813 2880 0 3170 1997 3558 3800 1498 1819 2801 3400 2842 1183 3872 892 3811 2740 2089 1737 3696 3244 2237 3737 1461 3878 1220 3114 2601 1576 656 2631 3181 1259 2838 2331 1296 2541 2661 2722 1423 2841 1039 652 2204 3205 2739 222 1078 1317 3008 1413 883 871 2587 3808 438 1375 2905 3819 3254 846 3266 2860 2727 244 1677 718 1908 1543 2014 177 3876 1962 1053 2241 1195 2393 938 2257 2008 1936 2428 1237 1200 1310 1111 1166 897 1025 2604 2176 913 1889 684 1986 1964 997 1215 2324 2035 1571 1386 2463 1252 1136 1740 2036 2058 403
2648 1417 1102 1570 2650 1714 1920 1676 2483 1666 1955 1847 235 1825 764 2330 1278 2051 0 2330 2014 2087 1502 1820 862 1153 1050 574 1194 795 1224 1698 2184 2380 1392 1774 1740 2328 2162 1344 1815 1215 1608 2913 710 2431 1777 1804 1366 2567 1383 1298 1876 1063 1090 1873 1638 1387 371 1573 1037 2010 2766 2288 1698 318 1855 2510 1593 3156 3328 1239 3778 915 2506 1451 2519 839 1351 2534 3915 3795 1170 703 1263 464 1004 2472 783 826 1842 224 2442 1427 2561 1665 3266 3504 1719 1278 3983 2875 2659 318 3871 309 3347 2759 3721 1890 3414 3089 1563 3301 1288 3665 880 3142 2615 3853 892 2963 2747 1557
2659 2121 1081 2083 2266 2128 1048 2668 1376 1113 2012 2974 2829 1045 3697 1008 3029 991 979 0 1974 3856 666 1649 2552 3568 3015 686 3274 2737 2323 760 1870 954 1748 1547 1699 591 3794 3650 1296 1633 418 3910 1589 1184 1372 2305 1460 1774 616 1652 547 2251 1872 1065 1524 1336 2008 2597 1819 2717 2115 942 1882 2644 1158 2501 1742 2813 981 1136 1057 1000 1968 1661 1738 1149 1063 2299 1383 2363 1088 796 1741 1528 1389 985 1635 1381 1349 1447 1750 875 573 1575 2296 1130 1011 1946 704 590 2263 1278 463 1063 1704 706 2550 2660 783 655 511 2866 1820 2125 497 1870 1835 1695 921 1328 2207 1777
439 1380 970 2099 814 926 543 2447 1784 2200 1558 1571 1183 2636 1565 1436 2275 1195 2754 1595 0 2869 511 760 748 1355 3212 1462 3040 1635 2168 3075 3990 3311 2283 898 2575 1386 1145 3190 2218 1036 2468 1586 2581 2214 3473 2098 3770 3689 1216 2471 3864 3580 3399 1993 1365 1624 3420 2540 242 1180 3906 2935 2523 3816 2104 3972 1305 2994 2740 629 958 2567 3330 820 2870 2206 2140 2790 2831 2997 1739 2430 373 423 2050 3149 2559 741 1489 2049 2796 2171 1206 3946 2691 1563 1368 1269 2843 3250 3242 1583 3225 3415 2794 970 1504 1440 2492 1287 2265 1019 3516 2366 1007 2282 2102 3613 1724 1950 1159 3033
1799 2215 731 2178 562 2149 1599 252 2360 1303 1811 3075 1742 2744 2418 260 1756 2899 1070 2673 967 0 414 1563 944 1167 2619 1396 2098 768 503 2589 1799 2787 1642 1853 1608 2096 861 1691 1311 1015 1657 1582 2199 1571 1045 1734 2649 1864 480 2493 453 1321 1832 935 1239 710 1835 1574 3089 3227 1597 1477 1562 2909 1521 2192 1370 1783 2391 2160 720 1676 2439 2518 1014 1872 579 2326 1118 258 872 3034 2495 2468 1366 1897 1511 3101 2398 1623 2562 1142 2673 1312 751 1667 1861 1570 2214 982 1192 706 1273 1435 1175 1229 2270 2203 1209 1696 1300 1585 1412 1259 1411 1962 801 1950 881 2016 1599 1368
1735 1999 1346 991 2427 1590 1597 1822 2275 1746 1923 1080 2426 862 2099 1598 963 1918 652 2417 1171 1627 0 2209 1544 1255 1604 1352 1239 307 1351 989 723 1247 1024 1072 2020 1679 382 1240 1122 1885 2378 1199 1227 1193 1114 2360 822 2363 1671 1150 1085 1879 1602 1505 1578 1297 1217 1969 1254 1337 863 1039 141 2119 2099 2277 1506 1079 1941 2273 2302 1698 601 3298 1174 2729 874 2340 931 2769 2513 960 1450 547 2384 3512 2326 3408 2912 956 2668 3452 1712 3293 1377 3872 865 1910 2625 655 2955 2362 1463 321 965 3312 1092 3214 845 1733 860 2686 737 1402 1951 471 2112 719 2634 1273 1328 896
3437 1966 569 3035 807 1686 2654 1407 1398 1525 2578 1546 3558 3537 2045 927 1400 3528 837 2822 1194 2796 2777 0 1497 1068 3227 2805 1248 1592 695 2992 839 1119 889 3672 2584 2727 1821 2674 2007 3569 1846 1021 2920 1874 3266 683 2243 1551 673 3191 858 2819 1027 2576 931 3043 2611 1276 1004 717 2620 3616 2825 3640 3322 1311 2760 3497 1907 3538 1069 3724 1407 1854 647 823 2592 2201 1219 851 1615 3371 898 3538 483 1635 861 2444 786 968 2309 768 2434 506 2878 1031 1080 372 3233 1426 1173 2935 995 1744 2892 1604 1190 1577 2480 1552 3446 3618 1829 961 1202 3529 1081 2867 960 3023 2876 1308
1611 573 3390 2837 1300 1218 1164 3215 624 1218 1170 3584 2505 2850 2108 2499 1786 3783 1078 359 3228 2206 3752 1030 0 1840 3064 1177 2852 1248 2105 510 2099 1531 1896 2267 2632 3066 2203 1658 2231 1594 1248 2232 1714 1585 1803 1976 1611 1326 2335 1240 2688 2693 2587 1856 3047 2636 2573 1905 3044 1761 2738 1438 3315 576 2882 1777 2054 2669 1621 2935 1166 2033 1827 2951 1363 1320 2453 383 2291 1408 1933 1964 1746 2224 1151 1723 1012 1298 1026 1973 1717 1529 3349 1668 1824 1886 723 3036 1971 2871 1697 394 1638 2528 2402 1594 2238 2358 1982 1582 216 1469 1637 883 1246 1586 2409 2795 940 1913 2415 3331
947 2463 2448 1994 2811 972 1517 1569 1700 1015 542 1374 3011 2573 302 1738 340 1601 1658 1328 615 1951 487 1269 1716 0 1427 1016 2245 2337 1683 1690 3282 1739 1556 1053 3001 1350 2349 2245 2688 1757 2043 2214 619 2099 473 2621 1130 2094 1214 2939 1439 2054 1747 1770 1448 1391 887 884 1553 927 974 1909 2161 1999 1220 1849 1935 1888 2758 608 2005 716 1623 3196 873 2638 1252 1960 1678 2767 1900 1038 1992 1203 1263 1785 1884 1013 608 1095 1142 1596 3006 2521 1727 603 1601 2541 2942 1192 1559 3706 518 3066 1985 2890 1910 3512 3482 1981 492 1518 3414 3957 3533 1561 3567 2154 3415 1883 2832 497
1594 3818 2410 2516 1714 1238 2719 3267 1055 1891 2264 3908 590 3943 888 1671 1825 2741 1743 1074 2973 1711 3131 1387 3078 1035 0 1044 3842 1687 2040 3005 2066 2261 3710 2649 2026 2382 2937 1373 3754 3891 2245 1491 1638 1427 1580 3564 1203 3448 3127 361 2448 1104 3767 2795 1867 620 1865 3783 1239 2337 1898 3968 2568 3640 2928 2807 2547 2084 584 898 3424 3004 3045 1585 1870 1489 476 3114 1482 2359 731 2184 647 2434 1936 552 1789 657 2019 3309 1930 2979 2720 756 2202 3300 1318 2817 956 3523 766 1524 630 768 2639 1742 1742 2798 1069 2656 1461 3158 864 1587 1119 2222 836 1222 1544 405 1823 1105
2444 1382 1055 1003 2902 1898 402 2728 672 1333 2330 1018 1227 852 2225 1643 3163 3382 1668 1015 1437 3382 1049 2477 1084 2326 2566 0 1085 1008 3027 2495 970 1466 400 2819 803 858 830 3277 2218 2521 1734 2156 1508 3372 1765 1258 2906 1624 3051 1039 1660 2041 1108 2894 2042 2243 567 2207 875 2196 1563 655 2536 1400 1418 2980 1459 2525 2621 677 1940 2937 1047 2550 1183 3172 455 1349 1301 1598 2431 1572 2395 900 1826 2356 2021 2673 1608 1834 1490 2129 1036 1926 1127 1160 1620 1762 2295 1827 1043 1971 2515 2004 778 2441 623 1447 1816 488 1152 380 2042 1891 2886 3226 1527 1532 1486 3008 1590 1768
1565 1845 2207 2637 542 1773 2618 2610 1389 2233 577 2315 1211 528 1004 2681 2337 2304 1284 2184 1337 2924 2478 1945 2737 1136 2624 1662 0 2946 3196 1436 3626 1121 2414 1695 2644 543 813 2602 841 3391 837 997 1087 603 1338 2180 693 1268 1443 483 2372 1775 2389 1570 2979 3269 1848 1088 1072 2681 2479 1769 3967 246 3316 2662 3862 1827 3216 2846 1333 3162 1009 3746 882 2916 2403 3807 1125 2806 2637 1851 2567 2045 545 1732 2418 1887 1269 2652 1620 1471 1821 2756 2651 1276 3592 819 2911 520 1381 2874 2107 3814 916 1737 2549 3692 2589 347 2905 2361 2210 1155 2132 805 1319 1227 1791 884 3596 3701
1365 1516 594 3751 2643 1534 1153 3623 256 3083 1577 2608 1626 3445 3267 1763 569 1003 3215 907 3044 3901 3482 1784 3373 3924 2460 3929 1745 0 1738 2244 1196 831 2932 2956 413 1335 2141 3633 3244 3787 507 1640 1424 2688 1520 1222 2905 1355 2728 958 3227 1122 1862 486 3707 1594 1738 3223 1620 1837 3298 2333 1845 2045 2877 1355 3843 3810 2047 1129 1455 3959 1110 3237 1210 3195 3418 550 2062 705 3587 3109 1361 848 1721 3707 856 2081 1712 3531 2738 3488 2608 2899 2260 3982 874 547 3299 2596 3817 1245 1527 2986 3313 1545 3749 1238 2440 1464 2663 534 1146 2779 3927 3757 1102 874 1298 476 1286 2436
857 929 1891 246 2726 1619 2529 1642 3400 3513 2086 1261 3588 2796 2598 611 3882 1829 3351 2646 3977 1709 3377 3208 1371 3460 1295 3679 925 3284 0 3840 762 2917 3031 1772 2675 2265 700 2093 2560 2220 1170 2933 1612 1466 1903 3053 2477 1050 3985 889 2907 880 1111 3527 2055 3639 496 2050 2475 3702 2792 436 3123 2479 2691 751 1830 976 1607 1594 1876 877 3810 3523 1436 1459 520 3844 2193 974 905 3270 803 2811 1177 2431 1146 3040 2838 1229 851 783 2886 3693 2654 3470 2885 1374 2955 3795 2197 3356 1161 3605 1519 2012 900 659 2387 2494 1104 1018 1649 3177 633 3527 3477 1127 1122 2523 1254 1089
2484 997 2211 678 2712 789 1242 742 3187 1308 970 2674 1139 1769 2886 1667 1388 1798 2650 1222 3468 3554 1648 836 1093 3698 1320 2781 1013 2930 2824 0 1655 750 3136 2594 932 920 1144 3189 532 1504 1346 3471 2427 2963 2152 2654 1967 3823 975 511 2874 2311 3631 1140 1509 451 1855 2206 1808 1819 1497 1421 1463 2440 2161 1518 1366 1878 2230 2858 2328 2717 2101 1810 2507 2805 1732 2901 816 2711 1879 1301 1710 1316 1306 2086 1429 1743 2065 2639 1469 2892 1373 2961 2086 1323 1869 497 2053 1694 1646 1797 1946 933 1239 1644 2610 429 1707 1843 1597 1081 2429 1628 929 1617 2040 249 2464 2676 1168 937
517 2681 2125 2289 538 2502 1868 1579 1655 1600 2430 1460 925 1222 1567 2368 1177 1975 1313 2620 1243 2186 1887 1454 1389 2691 1509 1588 1899 1668 3131 2208 0 2025 687 3346 1220 3309 1417 3330 1448 3500 3100 1291 1605 725 2772 734 2867 1834 3866 1508 3385 2141 2166 3939 1693 2453 1560 2414 806 847 3432 2762 1874 1146 1595 3613 1309 3948 1291 2227 2941 3297 776 1928 2341 885 2716 537 3394 1891 1786 842 3902 2450 1319 3707 1602 2242 3428 1878 2010 1772 3175 2142 1618 981 2690 1517 2016 2521 456 3367 1922 3183 3447 1839 2147 879 3695 3310 1633 1957 1086 3428 1255 1488 1730 1462 3051 3667 2478 3253
2354 1014 1859 982 3672 2257 3933 221 901 1849 2702 1116 2687 1085 2133 289 1857 1517 1824 2342 2542 3046 1874 1608 1847 1638 1203 2018 1610 1730 1896 1645 1730 0 2085 1136 2761 2579 368 1714 2906 2490 2452 1961 2573 1869 2607 1531 3017 727 2663 1764 1773 2681 1445 2914 942 2059 1675 2704 1401 1414 2179 535 2091 1073 1726 2075 1676 2058 1053 1351 1231 1318 805 2144 1319 1544 2967 1489 1704 1575 766 2886 1872 2680 1304 594 1627 2475 2495 1440 1952 2052 1721 1542 553 1185 1484 764 1247 1724 2338 2771 862 1659 2192 2931 2472 1866 366 3438 1254 3007 1104 2741 1044 2873 2587 823 1927 509 2543 3529
2362 3517 3356 1028 2740 3554 1819 3238 1498 1668 778 2040 502 972 3040 2216 2020 665 1189 3071 1460 3351 1121 2022 651 2941 2415 1825 2095 388 2425 872 3005 1668 0 1240 3594 2295 649 3111 944 1601 2917 1409 1477 1219 2567 1850 3884 3819 2076 1176 1868 3781 646 2856 1594 2876 3274 2161 1554 1225 3279 3129 1507 1894 736 2999 1172 1116 1082 3802 2788 3033 2130 2810 2081 3921 2102 1275 3157 1968 3543 618 1699 422 1762 2852 1255 2179 1300 1716 1431 2601 2574 1575 1195 1427 2532 3113 2441 3169 2675 1506 2606 3329 2162 3188 730 2884 1553 1389 1382 981 1876 2359 1251 1245 1971 2994 995 2939 855 713
2016 1736 1788 1490 2152 1660 2071 1726 2368 500 1295 1257 2995 488 1532 2035 1266 1100 2840 1884 1039 1650 2060 599 2761 2962 1315 683 457 2963 1734 2637 539 2554 2300 0 1603 1069 2948 2150 674 839 1436 2666 956 1565 1393 3214 1565 2334 2069 1943 1545 3275 966 1202 2437 1883 3236 1827 1223 2160 2213 2267 2726 1191 1454 1688 1310 1217 660 1457 2988 2419 687 2133 627 1690 1919 1075 1101 2048 268 1465 1617 2496 1304 1108 2109 2323 1852 369 2882 1761 1177 1257 2766 1747 2254 2002 2436 1928 2224 2027 1469 2005 834 2438 1402 2149 1238 2788 1616 2207 1732 1848 1227 995 1014 821 1211 725 1092 1888
2227 2089 1365 1895 1751 2365 2466 1124 1797 1066 1491 3009 679 2692 1725 1808 1572 2800 1373 1348 1903 1198 1211 1942 2060 1388 570 1390 1221 2044 3060 2398 1959 602 1530 2698 0 1762 534 3230 1338 2786 802 2422 1042 2678 2314 735 1611 351 2447 3352 2314 3193 3012 886 2622 3670 1930 3365 1340 3724 1059 2096 530 694 2649 2201 1815 446 895 3085 1523 3265 1102 1969 950 2835 387 1564 1969 3968 2378 610 2781 1425 1162 1201 3276 1753 605 2889 1002 1533 2500 1251 1504 1168 2360 1846 3662 3485 1832 1042 1548 3515 608 2703 1383 2529 2791 1635 1515 1135 3348 2875 1170 1566 724 2874 1007 1114 934 3665
2855 2930 1976 2503 1997 3629 1919 1090 3245 1692 3393 675 646 2015 2279 1496 2734 911 1676 1074 1580 971 880 1705 2727 2665 596 1650 685 1511 1251 1586 904 1756 671 1421 1457 0 1387 927 2325 2523 1397 671 3088 1952 1670 1181 2703 1501 2397 1890 2886 1180 2369 2229 776 2204 200 2562 846 2122 1402 2704 1295 1896 1648 1198 1441 1090 1002 930 1110 1330 620 1823 1872 1566 1157 2077 1793 1646 2915 667 1730 717 1095 2834 1136 2860 1368 1634 1437 2500 1894 1012 1997 1677 1228 1620 1570 808 580 921 778 1636 2879 2517 1352 665 1307 2644 2700 1938 566 3625 938 3201 1530 3086 1354 3263 2922 1560
1421 332 2935 3984 3036 3705 3714 1740 3036 3893 2182 3668 1450 2072 1496 2266 885 793 3027 2729 1487 1166 1509 3804 884 3589 804 1853 532 2914 740 1552 2417 688 2848 3622 3155 1483 0 586 3752 1801 1014 3308 1345 2107 3217 1841 1638 1818 3158 1722 3918 3926 2275 1264 1727 628 527 3315 1550 3160 3229 1475 1847 427 3621 3202 1365 1611 1238 3397 1143 1382 1321 3877 2865 3157 2608 3059 2125 3207 1313 727 3524 2243 3900 377 672 2345 2905 1130 3320 276 2026 694 1980 783 1050 2193 3036 2831 1103 982 1409 1133 600 2084 995 945 1226 1159 1856 1388 2276 1172 2614 2789 1205 1006 3324 2504 2135 1179
2989 935 2791 2060 3509 805 2905 2132 1116 2597 959 3231 3250 2268 1876 3241 890 1934 2213 698 2151 1352 1006 1622 1752 1861 553 1929 1082 1303 1018 2316 1982 1298 3102 637 2140 1189 649 0 1496 3032 645 1222 1775 2676 2317 677 2476 2037 1938 876 1220 515 1246 395 1099 1212 3191 2993 982 1046 1182 3355 1741 475 1340 2713 928 2246 1180 1953 1147 2534 2344 1456 1026 1325 2387 3116 2324 3204 2720 1317 2727 3281 1954 3240 670 3182 1442 1679 1208 1086 2125 2378 1010 1183 1646 2993 1099 3223 685 834 1959 1733 1698 412 2158 1418 1955 1217 2178 1614 957 990 2746 658 1160 2475 1372 1250 2662 1806
900 1833 2178 788 2961 3042 1146 523 695 3354 1892 2506 370 2720 2433 1274 1580 912 2915 2279 705 758 1258 2736 648 1744 1218 2961 1772 2588 1990 2249 1475 3423 1066 906 2623 1806 3296 1520 0 1543 1263 2583 1888 1570 412 1432 479 1964 1447 967 1956 1375 1665 2541 1699 2606 2062 663 1892 2524 1009 2473 399 2780 969 1105 964 1251 2023 1486 1865 771 926 2204 1853 2322 1457 1101 1726 1798 1382 1313 1212 1038 1292 1414 1570 1207 626 1611 2184 1397 691 2170 576 820 1820 1014 344 873 1652 1006 2549 2557 1069 670 708 2560 1531 1765 820 1974 2034 1919 712 1568 2481 1745 447 1794 941 2129
1051 953 343 2451 1598 1787 1010 1619 1043 2676 1925 1636 1947 1137 2470 1869 2479 1347 1040 3545 488 2966 1375 2807 1485 3498 3152 1727 963 637 2945 3773 2963 3737 3422 1808 3056 3852 2230 3783 1557 0 1829 2075 911 433 2802 2773 1025 1215 2046 3691 506 3912 610 1635 965 2853 1194 1312 2741 1248 2600 772 3079 1337 1479 2749 3641 1778 1452 3150 1650 2002 3429 2078 1801 1853 2972 1498 3641 3985 2220 1159 1417 2697 1068 3368 1325 3388 3070 1164 1908 318 3508 2875 1428 1261 1357 3380 863 1739 1364 3863 2758 3229 2365 2957 2378 3951 1234 211 3199 2551 2385 730 1307 2761 3282 650 3705 788 2518 1180
2595 885 1341 2539 3609 3764 1534 302 1455 675 541 2550 1426 550 1917 775 2325 826 2595 1526 3312 3230 1552 1420 3932 2896 2809 1165 3607 853 3160 2337 3727 1261 3545 2978 1806 3393 1411 3707 900 3035 0 3538 2100 2567 2852 928 2441 1972 1339 2197 2158 2367 1114 2389 585 793 1888 2836 2465 730 3781 1081 2754 1254 800 3893 2329 3688 423 1315 2226 3419 2893 637 2783 2833 2619 435 1642 466 1544 1057 1626 669 3604 3550 974 1949 1372 3716 1663 531 2208 2153 1727 1769 1578 1568 1414 2279 2418 1743 1591 2096 2414 2818 2291 2913 2090 1873 2440 2839 1873 2625 941 2369 1893 1246 1926 1527 1356 2320
1694 1815 2210 2814 1543 2638 1530 389 2312 1574 1940 787 2185 2025 1792 1934 1886 822 1390 1661 2649 3348 1734 1904 1657 1008 2363 1948 1069 1936 1821 438 2440 2630 1080 901 649 2816 2391 2541 680 2608 2112 0 1853 1893 2459 1477 802 1067 1864 2325 1063 1929 1184 2583 1417 2229 1866 1508 1341 2910 1346 1520 1815 1750 3055 2360 2023 1537 576 3178 1522 2151 355 2186 653 2584 1855 301 1990 1078 1874 3180 1965 2954 2705 570 2340 3137 1531 2901 993 3329 336 1724 838 1095 2688 1912 1760 478 865 2635 1500 2772 1043 1617 1338 2458 574 1494 1507 751 1601 1039 2240 1334 1015 1357 2957 1657 3924 2661
469 1114 2085 877 941 1024 1980 1451 3287 3060 1553 1194 1402 3280 974 2278 1423 2320 2518 1817 846 1373 2932 2418 999 1568 329 2435 940 700 609 2918 2128 2316 1486 2271 1544 2995 2043 1368 2849 1326 2976 1395 0 1945 3062 587 2978 809 2266 546 2175 1121 1686 2462 3115 3266 1781 1174 1911 1480 730 2411 1603 1344 1743 1721 1863 1192 2439 1173 2977 3070 757 1670 3062 2660 2543 1789 3018 1535 2657 1661 3532 446 3313 2316 1956 2943 1413 3452 718 2333 1824 3332 972 1771 2467 2241 2222 1353 1811 2092 1651 2331 872 1852 887 730 1183 2366 2032 1332 3347 1296 2091 1633 549 3195 2117 3241 1345 614
1970 2707 2803 1343 2577 2269 2148 1148 865 1021 1619 866 1399 1554 2813 2974 588 1657 2057 3371 1748 1551 1118 2781 1531 1758 432 1753 480 2020 1544 259 1975 1338 1678 2966 1801 2500 2261 529 2061 3001 1042 2721 632 0 352 1087 978 1346 2182 1569 1973 721 670 2485 1807 2400 1375 1603 1607 2079 1245 1344 1249 808 1459 1361 2026 1281 421 1675 2699 1708 520 2256 3127 1112 1979 746 839 592 1766 1272 2618 2697 1231 907 952 2780 1365 2105 1226 1850 2273 2050 561 1441 2565 2215 594 1711 375 2295 1050 362 513 2728 2134 2173 1030 2005 1071 2769 1882 1371 2392 1127 2697 1720 885 1396 1879 1887
2198 1475 1154 991 1147 1534 1362 1140 1951 1916 1448 2019 1671 2147 1840 1018 1513 2130 804 2047 540 2167 1405 370 1571 1521 1364 1251 1996 1406 1417 1993 1861 2147 1432 1073 2068 1160 1746 1317 1168 1479 885 1941 1206 1348 0 1931 1941 1061 1446 1395 765 1576 1678 851 337 1092 1124 1097 2211 2245 516 1000 786 2385 2057 1490 1046 1613 1407 2333 956 1808 1788 1349 753 1949 1173 1902 1029 1377 850 2053 1310 1691 1153 1131 393 2151 1919 2054 1581 838 2130 1976 1113 2801 2934 1846 3289 1230 2126 1430 2247 734 531 1937 3600 2943 712 1303 403 1054 1448 1975 456 1404 1224 759 2090 2152 2130 1557
2785 2913 2056 795 3624 2253 1897 603 3389 732 2914 2605 3291 1885 2902 2673 808 2568 863 3350 1289 2841 1982 3490 1149 2520 2160 1913 2137 1844 3642 1352 1927 1568 1002 2636 1732 1693 1786 2485 2370 1499 3184 478 2472 275 1297 0 1548 3418 1205 1874 2265 3178 2467 846 2817 1723 1924 1466 1814 859 1133 1194 1562 1483 3443 3196 1491 1109 1092 3217 1214 2134 1715 2507 2286 1768 920 1606 807 1587 1251 616 2379 1631 952 2353 1235 2340 2050 809 1599 2617 443 1965 1240 2968 762 982 1299 1818 2150 767 2536 1379 780 2038 2201 1976 1958 1984 2133 1961 1442 1997 867 1600 1067 1808 1691 1650 1052 2306
2412 1879 1067 2299 967 1085 1395 2350 978 434 1387 1712 2590 2787 1171 1598 1456 2576 2059 1419 1674 1442 1866 2605 589 2064 2043 2145 1397 2302 1041 1704 1497 728 882 2532 2200 1867 694 1590 1067 2634 2330 1875 2309 798 2142 1863 0 1108 1451 2210 1526 1549 642 1513 671 1717 1672 956 1866 1408 1587 2437 1561 2456 1864 748 1807 2387 1165 2243 424 2687 1152 657 1393 1114 1567 1509 1980 1209 1047 2415 1742 2438 1323 1163 1761 1425 1425 931 1466 1483 1442 1774 1638 1133 383 1642 2321 1022 863 1871 578 661 1994 906 1768 937 1515 859 2353 2660 902 609 487 2740 1847 1702 640 2009 1949 1832
798 1708 2195 1723 339 1650 808 2070 806 1069 356 2411 1529 1981 1362 1382 659 2741 1777 1604 2124 1182 2478 1759 1440 2071 1614 2658 2314 1704 687 1967 880 1658 1240 566 2309 1609 1161 2513 1373 2228 2328 701 1381 2650 867 2331 1206 0 584 1046 1356 1764 2067 875 2406 1086 344 2168 2235 2031 1885 1866 1856 2103 1201 1633 820 1375 1317 1840 1830 1672 678 2183 2266 1698 906 2128 570 1048 1712 245 972 3653 1495 1897 2586 2610 1319 1248 1291 2712 1837 1543 1703 1588 1899 2434 573 1862 2169 2385 1233 2140 1015 2054 1558 523 611 2432 2112 2030 793 1568 1209 2726 2533 1967 2287 977 2092 1793
574 2265 2820 1271 3064 272 1970 561 1723 472 929 2098 2966 2922 1229 1385 1013 970 951 1927 1016 1289 1131 1286 1693 1453 2045 730 2669 2546 1033 867 2974 2397 1915 1121 2799 938 2759 1943 3261 934 2623 2136 1320 2667 487 2976 432 2336 0 2753 992 1691 2027 933 1775 1016 1178 1510 1554 1533 2828 1837 1404 1206 1145 1963 1565 1162 2943 603 2146 753 827 3086 1276 2986 942 1309 1775 2573 1974 794 2323 1873 1817 1138 1054 517 884 451 780 1256 2720 2801 854 925 1447 2923 1712 417 1848 2145 1662 1879 1236 1520 1490 2441 2418 1572 1569 1736 2434 2813 2220 2890 2235 1753 2431 2752 1799 2685
837 2554 1750 1225 1775 1501 1642 2174 1532 1534 1916 2919 1427 2898 1120 246 2178 1317 1937 582 1942 1876 1908 1801 1982 648 907 1498 2623 286 1647 1970 1468 1162 2431 1869 892 1846 2001 374 2369 2658 872 816 507 2619 2146 2165 435 2219 2080 0 1597 1676 2599 1467 863 1241 1367 2342 798 1613 1379 2900 1210 2221 1935 1778 1290 2704 1368 1379 2099 1823 2836 2244 1507 2551 3708 495 3617 1222 2765 1105 3012 1458 2166 3180 3873 3632 1923 680 2126 1033 884 2879 1814 984 2135 1366 2611 363 2935 1985 3629 3656 1313 1950 3856 3154 3121 1731 3957 1527 3337 2522 2220 1102 3825 2856 2097 3519 1592 2166
1031 2798 2732 3868 735 2309 3267 715 2672 1921 1919 2520 2494 2859 1234 2530 3731 249 2021 2964 2376 907 782 1581 2805 1934 657 3721 2486 3754 1056 1070 2740 3145 3047 1216 3200 3072 2854 873 1400 1109 1941 1030 1647 1052 3655 3883 648 2250 1649 1472 0 2865 3842 269 3965 1115 2859 1328 2745 1339 2063 3066 3822 3806 2274 547 2134 1064 856 2962 1919 880 2100 1409 2610 563 2890 1738 3400 3479 1304 1863 1722 3384 2859 1515 3715 1292 3337 2407 2148 1248 3662 2783 2213 3692 1693 3964 1191 2936 2553 3715 543 2323 3234 1048 2851 2220 1713 2530 2404 2884 1372 2551 332 1222 1979 2835 2620 414 3920 1735
2665 1721 785 3958 2580 3691 794 1201 2761 3497 3059 1424 3083 2894 2533 832 1525 1217 2042 1313 1850 982 3720 3897 612 2153 1869 521 867 1341 2030 1502 2150 1245 1146 705 1277 1560 1374 1616 2245 2344 1642 2028 1624 2082 1544 1261 1704 2146 1277 2018 988 0 1560 352 1864 1916 1213 1377 2277 1541 1660 2154 1969 1878 1845 1097 2552 928 2046 1221 1214 1844 1165 2182 1019 1213 838 2078 1932 1179 1698 1238 1409 729 1948 1277 622 1311 1015 828 1963 1926 266 1107 896 2244 2594 1665 1047 1678 1136 2460 1261 2079 1917 1100 1028 1668 1408 1728 1335 1436 1222 1957 947 1593 1341 999 554 1942 2106 2048
1564 1090 2087 2568 1846 873 1138 2615 1290 2363 973 1975 899 2488 2045 1092 1362 1241 2094 3242 2312 3072 2680 1279 2595 3062 1566 2877 772 3279 1116 1361 991 722 2151 1953 1456 920 1513 3053 1187 3088 547 762 1513 1871 1259 474 1884 979 2075 1289 2244 676 0 896 2902 1129 960 2398 982 1095 2389 1527 677 1417 1969 654 2957 2853 1305 2158 819 3089 1532 2359 574 2379 2388 1220 1197 1102 2676 2260 669 1074 1043 2741 219 1313 863 3147 1968 2265 1974 1930 1526 3281 1294 1033 2306 1883 3021 1495 1621 837 1586 2325 1407 1640 937 1460 1089 2293 1933 1377 1389 1499 1900 2498 1999 2701 2014 1148
2342 2867 1684 2635 508 2478 1467 950 1219 1090 1516 1915 1583 1420 1474 2557 1510 2777 1007 678 1810 1364 1805 749 1906 1502 1759 1537 2018 478 759 1415 2460 724 1176 1856 913 972 2383 1349 639 1472 1852 596 2332 2426 986 483 2542 2579 2050 2135 381 2102 1854 0 1251 1571 2543 1525 629 1326 1144 2401 939 1404 772 2585 1386 2201 1582 1497 1234 2898 1583 1431 2075 1403 3022 1689 1445 3137 3802 932 1426 1142 3119 1460 2817 1004 1747 2931 3930 2067 1777 492 2128 729 771 2763 1461 571 2361 1086 2912 843 3256 1983 3734 3891 1550 1862 3470 3330 2888 1108 395 1274 3567 2870 3537 1654 3960 3159
2240 3863 1788 748 1224 3230 2665 3955 511 2686 3138 1030 3040 2248 1548 2406 2451 2670 1306 2696 583 728 2026 3187 2682 3471 2585 1508 2985 1749 1132 3294 2611 3965 757 1330 2664 3544 3456 983 3323 2827 2649 312 1664 962 2241 1508 2193 412 3920 3915 839 2201 1505 1020 0 1902 404 3718 1062 3208 1493 3218 1543 3555 2723 1464 1869 312 2880 3892 2972 1750 3680 1380 3158 625 2395 3987 1751 936 1391 2405 647 906 3446 2774 1734 980 1541 3602 1258 3720 1131 2112 462 3266 637 1988 2575 810 2841 544 3431 1646 1864 1095 3713 2252 1328 3439 1427 2043 3266 1907 1853 1783 3009 2167 1587 3930 2395 1665
1716 1977 1210 3114 1659 3100 3585 1745 1737 822 3823 3369 1902 1941 1131 3391 1174 1340 1396 1625 3251 3301 2495 3150 2298 1765 2047 989 3723 2554 3859 306 868 2794 2847 1521 3452 787 2185 1473 2189 287 697 1882 3310 2954 897 1086 873 990 1192 1880 371 1239 1138 714 1892 0 1858 1313 2705 2710 1932 719 3508 2378 1971 666 3412 750 3015 2399 3143 1673 2791 2756 1123 2842 849 3325 637 2567 1944 3361 935 2461 2135 1501 2048 1630 527 1444 2012 1469 627 2251 1560 1590 1666 2518 1989 1465 3333 1634 2249 514 947 3501 1320 3377 714 1527 2032 3292 2309 608 2531 1843 1795 1250 1903 623 1042 1143
1128 1274 3313 3258 1533 1161 892 3370 1725 597 1554 2797 1316 2202 1239 1688 1210 2407 2426 1235 1411 1586 2155 2892 2323 2984 2312 1329 2388 2889 1874 2819 631 2811 1591 1147 1111 1002 1938 1919 1192 1301 1752 2959 1293 2786 842 644 1990 1737 1425 432 1943 1597 1757 1387 1980 368 0 1354 2505 685 1465 2258 1329 1000 2506 1614 707 1501 1861 731 2677 2978 1122 547 466 2961 1857 2355 3275 2493 2162 1227 1438 1154 2577 1981 646 1048 1281 2554 479 1507 1012 3060 1810 2235 1993 1966 1386 3240 1161 1018 2442 1845 3051 1658 1061 2828 2814 1542 3277 818 2017 1573 2083 733 657 1895 3314 2802 448 1360
501 1199 1462 1714 341 1527 1190 1010 1865 2033 1921 1385 2546 2910 2021 544 3493 2448 1859 784 3185 801 2900 2224 3398 1756 2883 2676 1085 2478 883 3130 863 2612 1700 3119 1170 2475 2086 1716 2044 1771 182 1289 1697 1602 768 2228 1837 1960 1749 2594 2124 1639 3318 259 2328 1334 1443 0 1347 3263 1166 1857 2164 3117 2370 763 2562 1716 1744 1247 2095 1043 889 1279 1413 1518 3519 3103 1462 817 881 3413 796 2419 3014 651 3192 469 2149 471 2223 846 1282 2181 3027 3033 1510 1083 1433 1003 279 2166 1472 1149 1534 1277 2071 1246 2377 1281 3080 3054 807 1307 3239 2740 2483 1174 3220 1209 2781 1859
3594 860 3154 2163 1614 2947 1052 3120 493 2194 2074 3398 883 1893 2601 685 2250 1667 1381 1864 1665 1952 643 1878 853 735 1460 2163 1933 1181 3608 1074 2378 1258 2184 3364 1891 3120 993 889 2114 3001 2428 1103 2526 2398 2125 1082 946 791 1507 642 1229 1166 3036 3156 414 1570 1465 3563 0 1418 1645 3464 810 3130 2170 2729 1873 3574 3420 2233 489 1845 3343 3689 3260 3924 3368 2090 3660 752 2882 434 1932 3802 2133 2436 1876 1061 2814 3082 454 1879 2467 3885 761 2764 1009 1378 1746 2620 1907 1317 2951 2019 3067 1291 3143 1067 1894 846 3879 1682 1845 3299 1907 2233 3735 2720 1822 2427 2998 1321
3819 3944 2321 1337 1470 999 1949 3440 1440 3706 3306 1621 2377 1046 3934 3065 1771 830 2024 3896 1442 2421 1899 3878 2808 3600 2751 3149 2507 431 505 806 3408 3000 1252 1630 1432 2012 1557 2361 2020 1412 709 1447 633 1532 1152 799 2237 1620 1211 2521 1355 2318 1954 753 1439 2611 431 2221 983 0 600 1089 1455 1543 2199 1032 2368 1208 804 1908 2250 2171 1620 1798 1937 1615 1636 1755 635 1435 1112 2091 1420 1783 584 2074 2249 1670 1129 1869 681 698 1350 343 791 448 1372 1533 2511 2643 1330 1235 1481 2407 1746 1327 1271 1526 2004 2678 2502 1923 1955 1872 943 2114 907 1832 1556 845 673 2429
1691 1908 829 1407 1004 2583 2447 2100 2139 485 2083 2058 2510 1499 843 3737 498 3052 1413 2853 1460 3492 2917 1434 768 962 3114 1343 2902 3959 3267 1598 3349 3874 2484 3714 1606 3936 1787 2224 1081 615 2828 2935 743 1163 1737 3450 697 3890 707 1553 1121 2779 1023 1324 2665 1240 2610 721 3054 1227 0 368 3786 1789 1358 2949 1407 2104 3425 2177 1499 1955 2905 1375 3822 2756 2187 1008 1474 3813 1090 3258 1232 3387 3263 1100 1993 2782 3532 3083 1584 936 1133 3457 990 1735 1540 3767 2537 3477 2463 2736 2137 3944 1241 177 3242 2571 3043 839 1104 2912 3519 1082 3585 857 2560 1108 2732 490 1316 2569
3849 3561 1467 433 1576 387 763 2409 1087 672 1640 513 2379 1381 2826 1559 3092 3406 1626 1507 3639 2832 2454 724 3834 650 3408 2497 3667 1283 3341 2715 1865 3285 1281 3529 755 2816 2286 3555 277 2357 2717 1224 2637 1902 1322 2120 2295 2142 975 2600 1046 1077 1773 2962 2526 804 3931 991 2722 1116 988 0 2163 3637 2478 1504 2503 3253 3038 441 2963 2603 2513 553 1731 543 1411 1028 1678 615 3728 3383 1134 1664 1035 3781 1228 1899 2902 831 2798 1206 2123 667 2130 1416 1966 2587 2717 2905 2050 1552 1913 1607 1034 2231 1907 1566 2000 1732 1983 1116 2600 1129 2994 2609 270 1706 3049 2510 2690 1925
3114 1690 2426 1634 3462 474 2993 2031 2062 2828 1659 3112 1250 2264 1929 3163 1147 1668 2503 358 2122 1303 2060 2224 1725 2355 1167 1471 1224 1088 1257 2326 1771 1556 3330 1785 1910 2022 769 2965 1986 3112 1434 2701 1641 2553 2531 1760 2436 2321 2004 1525 543 1118 1973 707 1262 1559 2760 2752 573 1967 2072 3158 0 864 1336 2481 1612 1840 820 1504 935 2211 1925 1011 1655 1635 1860 2765 2087 2373 2303 966 1878 2586 1136 2436 350 2680 1265 1087 1227 1052 1691 1453 1826 1047 1192 2325 1329 2389 1171 711 1676 1498 1409 851 1551 1336 1450 1520 1719 934 582 1519 2516 944 813 1873 712 726 2064 1313
594 995 1820 653 2528 2547 729 582 426 2949 1770 2098 499 2028 2070 1524 1057 1340 2506 1852 3656 1119 829 2218 814 1173 750 2831 1672 1956 1345 1661 1191 2683 1424 1463 2255 1360 2582 1675 2288 818 1700 3351 1091 2615 1514 2559 1788 3301 2896 2036 662 1563 2946 3594 3030 3736 2985 1844 3139 3798 2568 3678 1183 0 2101 1947 1365 1018 2529 2857 661 1597 2392 3653 786 3683 682 1196 1975 2164 1902 808 2660 1677 2426 1273 2922 692 1635 1119 3127 949 1761 2846 1553 1746 3328 2140 1436 2334 2538 1128 3423 3411 1982 1031 999 3789 1744 2964 981 3043 2840 736 2298 1175 3324 2311 1360 3877 1551 3370
831 2128 1459 3345 2379 3151 2421 2558 1877 3755 306 856 2756 2501 3723 1542 1807 1787 574 2864 1465 2449 379 2107 402 2623 1892 617 1962 775 1820 3330 1876 3069 2695 765 2378 3288 1382 3068 1002 3251 515 1422 765 1130 2311 1545 2020 418 918 2760 1456 2883 985 1740 1245 2380 797 1576 1658 637 1826 1190 2162 1253 0 1174 2703 1899 179 2472 507 1430 2105 888 873 728 2274 1602 3312 3318 1685 915 1425 3457 1251 2145 1092 2179 2424 1810 1065 1233 2820 2716 1085 1843 2974 2396 939 523 830 3259 2519 2507 1459 2003 1502 3182 1911 1113 2855 1430 3118 1339 1061 2878 3132 1299 3615 773 2243 1169
2184 314 1124 2232 3689 3414 919 898 896 676 731 2302 557 980 1534 589 2066 1498 2449 1422 3147 3273 1811 980 3838 2770 2049 504 3635 363 2963 2269 3541 1372 3215 2889 1242 2949 987 3320 625 2585 1958 3654 988 2370 2647 1358 2057 1645 824 1943 2237 2036 933 2292 1216 1135 1489 2652 2427 1014 3426 575 2553 665 821 0 1914 3603 782 1632 2059 3090 2379 205 2854 2080 2314 669 1743 554 1437 1273 1633 856 3400 3186 1028 1269 745 3524 1841 1056 1257 2958 884 2398 803 1997 679 2418 2474 1181 1228 876 2202 3205 2544 3260 2903 1108 2517 3201 1925 3096 760 3299 1310 1606 719 569 2293 1992
1332 955 1409 3147 926 2911 727 1144 1284 2265 1315 666 1886 1113 2164 1153 2444 730 944 1030 3050 1041 846 2431 1063 1131 2816 1509 971 1324 2105 1005 2873 3056 1432 274 959 3299 1170 2450 630 2672 2633 1111 1327 1084 2949 2358 657 822 775 2592 1749 1369 847 3029 2237 2439 1725 2058 1615 3273 1124 1010 2607 1593 3151 1131 0 1877 1316 2616 1865 2144 712 1880 703 2180 1482 308 2369 1481 1498 2719 1650 2756 2579 404 1831 3028 803 2451 994 3252 81 1489 1093 1457 2466 1452 2336 703 403 2147 1858 2350 1562 1869 1405 2199 1214 1570 1134 995 1444 1730 2209 1431 916 1815 2494 2041 768 2544
737 1211 2000 577 912 463 1972 1917 2808 3185 1659 1501 1411 3191 1494 1875 1333 1899 2417 2191 500 1851 2739 2544 1293 2097 483 2371 1392 3645 612 2974 2062 2312 1099 1861 1299 3061 2464 1501 2385 1244 2717 1730 1293 1490 1084 2390 1840 1896 626 1874 513 2042 1736 453 1920 1318 1527 2554 1523 2346 2373 506 2060 2827 1273 2710 427 0 802 1224 1143 1137 2035 1381 2104 812 768 2358 1494 2689 1049 1394 1517 1774 1304 1290 1410 962 1457 1584 1904 1196 182 1465 2406 1526 593 1974 386 850 2138 733 635 837 1701 1337 2691 2617 1127 805 824 2764 1698 2116 998 2018 2051 1815 802 1685 2484 1904
393 1691 885 2228 1034 912 766 2511 1858 1907 1271 1770 991 2742 1691 1347 2126 989 2616 1510 1591 3168 3460 733 2333 1050 2832 1211 2872 883 1677 3039 227 3760 1553 313 1769 496 532 2535 1271 323 1953 611 2630 1016 2733 1942 3438 3564 1536 1818 3905 3101 2935 1202 1005 735 3689 2478 1495 1445 3500 3026 2102 3402 1385 3991 888 3253 0 3925 606 2644 3272 1124 2801 2182 1448 2315 2388 2593 1104 2814 888 711 1774 3198 2590 326 3922 1036 3103 1185 1117 1748 2279 3748 318 1670 2534 3373 2999 659 3152 2973 2464 622 1825 946 1901 1416 1930 226 3661 3874 980 1887 1052 1550 978 1807 2958 1335
2829 1335 2197 465 1948 1655 1891 2232 2724 2883 2158 1854 2134 1853 1195 2270 1796 1731 1711 1867 1425 1343 2428 1281 2498 2398 575 1786 2557 2462 2497 1947 2666 2049 2172 1181 3277 505 2843 1837 1740 2614 1446 3018 1266 1968 1537 2604 1522 1386 2327 649 2092 1433 2107 2098 1397 2209 1032 1413 1200 1570 905 1821 1287 1891 3133 1773 1837 1973 878 0 1951 2866 1720 626 1492 1988 2495 1708 2185 2173 1649 1750 3941 1370 1809 889 1243 1816 2557 2570 758 1539 2390 3133 882 2388 3209 974 3226 562 2170 754 2053 385 1134 2410 3446 3299 1424 864 1414 738 663 2238 1068 1081 1388 790 2210 1402 2221 1135
2826 2911 1402 1250 3313 2565 2363 997 3396 1016 2774 2133 3636 1099 3045 2648 1277 2874 993 3150 318 2565 2067 3462 423 2096 2475 963 2060 1685 923 1978 1938 1890 561 2119 1194 1194 1543 2265 2216 1188 3308 732 2208 940 740 3643 1597 3297 463 1283 2135 2922 2461 429 2753 2265 1918 740 1505 761 1236 850 1067 937 3353 3233 889 1545 965 3451 0 2366 1943 1817 2685 1329 1490 1552 1138 1307 758 1500 2730 2212 612 1931 695 1760 1520 1071 823 1820 227 1451 1347 2446 1191 1030 1766 2297 1937 383 2976 1524 1391 1379 2666 1666 2382 2009 2704 1531 2038 1955 509 2029 684 2449 1167 2177 976 2393
1788 1867 1347 1931 1129 1148 932 610 1116 976 910 1765 2240 2176 1152 1655 1551 1918 2503 915 1830 775 1302 2954 942 2375 1415 1711 1540 2533 1684 1400 1856 1317 1364 1900 1640 1433 2274 1352 961 1937 2700 2374 1869 423 1828 2560 566 2054 2652 1078 3019 702 1893 296 1863 971 1235 2220 2836 2868 1289 1215 1631 1358 752 1813 1367 1311 1526 1323 1680 0 1936 914 2408 2514 895 1164 2845 2259 1980 1314 2791 1232 2368 1592 3240 729 2856 2045 1356 2568 861 2871 728 1872 1727 2956 979 1483 2352 805 1750 1266 1235 1758 1378 1873 456 1662 1267 1377 999 2152 1439 1550 3141 968 1782 1152 626 3032
1690 2764 921 965 1596 2488 2386 1166 2017 1817 1647 1312 623 558 1083 3524 822 1331 2789 2857 780 1318 1741 3097 515 1754 1850 1530 2323 819 1387 1000 1382 1331 1138 1186 2506 2053 1197 1997 1201 1681 1383 1225 1217 1899 1012 1606 1027 2168 1555 404 1874 1755 1376 1148 2536 1456 1265 1501 2440 1651 1767 1160 2571 1047 2009 1425 1194 1791 621 2300 1197 1710 0 2425 1500 1195 1345 1229 1321 641 1579 1214 722 1180 883 1425 1883 1938 466 1254 1199 2190 2559 1151 1456 1335 1163 2606 957 2209 1547 1180 900 1952 1625 1317 1460 1172 1004 2010 1002 1156 814 989 1639 1893 2404 2307 1558 679 1863 2350
1711 3208 3853 1177 3934 964 3058 1612 3102 1018 1504 2847 1937 3876 1878 527 1627 734 689 2845 1358 359 2229 688 2948 1261 2932 2090 3574 3682 1885 1985 521 3419 2736 849 3422 982 3719 2686 966 1856 3649 3142 2048 3447 1455 404 1225 3388 2556 1294 590 2946 3028 1424 3003 2347 1292 2639 2778 2560 1364 2944 892 737 2070 2987 2893 479 1245 1398 3110 1262 1153 0 2398 3811 662 1571 2951 3505 3295 787 3326 3007 2675 436 1649 1073 1805 1248 1835 820 400 2437 1024 2184 1223 2857 2448 1121 1837 3474 903 2899 1744 2632 1913 3376 3198 2137 576 1824 3417 3968 3173 3808 3433 2051 3535 3704 2614 3819
1665 3834 2243 2413 1632 1199 2722 3008 609 1752 2523 3583 1001 3911 1168 1417 1773 2679 1895 1001 2836 1922 2732 1353 2890 864 1949 1048 3692 1460 1910 2788 1839 1869 3324 2359 1892 2252 3045 1181 3371 3636 1923 1082 1390 3976 1766 3540 1008 3404 2931 551 2458 899 3585 2479 1496 582 1999 3658 1194 2174 1644 3922 2515 3430 2879 2617 2231 3900 3937 940 3195 2718 2608 1559 0 1465 1030 3390 292 2996 1379 2783 1250 3315 2799 1644 822 709 2881 3682 2826 3615 3306 1504 3249 3988 2287 3567 1524 3721 1818 2303 881 614 3022 2857 1046 1175 1624 3691 385 3635 306 1627 989 2872 1042 1163 2591 1185 2495 778
2825 1142 1463 309 3609 1787 1486 2914 1656 1930 3212 2178 1540 2089 2976 1695 3652 3848 2083 1149 1376 3693 1070 2984 1101 3274 3036 1025 1775 165 3665 2715 1533 881 1301 3524 1041 1628 1241 3631 2631 3414 2565 2795 2196 3894 991 3394 3246 2229 886 906 1120 2492 3068 633 3327 640 2586 791 2575 1199 1743 2518 3223 3451 2005 945 1822 1344 587 2252 1613 1064 1831 1447 1884 0 2450 1238 3033 2996 587 1603 3413 2728 2492 1326 3456 1228 2839 1897 3677 783 3173 2169 2053 3126 1538 3351 640 2310 2171 3503 647 1887 2719 449 2310 1521 1637 2362 2137 2370 1090 2039 678 576 1517 2319 1980 815 3488 1316
2451 1419 445 3241 2255 3237 929 525 2199 3034 2829 1152 2689 2410 2250 975 853 783 1855 786 1371 1261 3007 3040 1978 1784 1845 3725 819 2231 2175 2078 2409 1302 1285 1354 1060 1126 639 1366 2751 2284 755 2019 693 1683 1770 1204 1052 2212 414 1604 1169 2625 1059 924 1914 2002 1739 566 2942 1369 1285 1483 2745 1557 2300 1874 2458 1743 2045 1946 398 1662 454 2196 1362 1853 0 2360 1837 1862 1413 1704 1162 1059 871 614 1048 903 976 1946 2120 2149 1005 1725 1453 2019 2359 966 1885 887 1429 2779 475 2467 1540 1878 1174 2641 1274 1536 1609 1119 1240 1934 1612 1353 176 1400 673 1954 2537 2441
1635 2901 1881 2504 1608 3512 3388 1528 304 1179 2657 1740 2658 898 1072 2696 3980 3668 1218 1161 1266 808 1430 2382 756 1072 1697 735 2593 1926 2739 2096 3399 3593 2211 1305 2042 3108 2675 607 2494 638 3535 2950 3942 2261 3357 3301 1600 3307 1649 638 1505 3142 2707 2920 1160 2991 2897 1819 2565 2231 1030 2123 2427 2428 1437 2876 1629 1488 2252 3203 3049 1377 1948 941 3070 1091 1573 0 2148 3861 890 2295 2747 3784 2905 757 3234 2778 2734 1227 2212 1246 1586 1767 2131 1194 1553 3742 1862 1733 1091 3970 2914 1971 851 237 1213 3302 1616 3077 1489 3534 2749 1417 1397 585 3024 3993 3127 3878 3801 1567
3030 503 2527 3716 1512 1782 1441 2588 607 903 3087 2633 1522 890 1785 3753 1013 3979 1186 2048 485 3270 762 1983 2608 596 2665 349 3147 1802 1887 701 3852 2312 1329 3347 1332 2029 3130 2168 1963 1844 3227 2050 3902 3772 2257 1277 1972 3365 177 3151 1808 3153 3413 1721 1877 913 3724 3247 1541 1911 1034 3615 1100 1496 1454 3973 3097 3304 2424 3000 2413 3446 1728 876 3576 2238 1020 1647 0 2695 1208 2260 1896 1972 806 1265 2840 3009 3308 716 2110 2856 456 2688 2467 456 571 2003 3611 2546 557 648 3252 1970 2092 3161 1938 3347 2162 1258 1641 2430 2187 3265 446 2746 2058 1303 1916 3635 2615 3346
65 2297 288 201 1736 3747 3310 1669 702 642 1341 2187 1034 2609 386 1262 292 2129 1745 3549 764 1643 2678 1852 2561 1551 3574 824 3845 349 2354 1068 211 2540 1821 1725 1582 3758 319 1159 3191 930 2183 626 2528 2142 886 1523 1851 3683 1661 3615 3981 1229 1497 1502 2081 3798 3128 3121 1911 1583 429 1232 2300 344 1364 679 3937 3717 3227 574 2579 2409 1896 2718 1838 2877 1516 3969 299 0 1753 3419 536 1766 378 2430 1986 1836 670 2544 3772 2979 816 2247 892 1116 1876 3296 1568 3083 3281 293 3357 3812 3155 687 3189 1088 472 2124 2161 2298 2115 3646 820 3232 3663 339 818 304 2434 2540
128 290 2378 3210 1160 1188 912 2039 2134 1500 2521 2503 2425 3977 3749 3739 1227 378 215 1866 441 3895 1177 1641 913 302 1543 1378 2254 1223 3606 1409 1059 358 2293 1882 1241 1887 1659 3474 1023 2114 2643 1317 452 3534 2043 1073 2889 430 770 2078 726 2751 3025 3502 2419 1705 2879 2177 3647 2174 2568 1459 3227 1507 1281 2670 1167 1784 879 3722 1251 3940 214 975 3532 1234 2060 3610 432 3144 0 2118 724 398 1818 3481 1049 259 880 2193 2269 2193 1275 2213 2782 514 1476 3314 3291 2342 3025 1770 461 1328 3393 1215 3128 216 2516 1962 936 1960 918 2875 3981 2880 856 457 3891 799 3450 1291
191 2067 3012 1317 1840 1917 3896 3054 2575 818 770 620 2723 2914 2750 1019 919 2624 2233 443 2180 2703 1396 250 3274 339 560 2053 2782 1854 3425 2924 1235 417 3467 3197 2620 3143 1647 1636 2986 325 3182 1055 1119 1434 833 3734 3293 1394 2543 1391 304 1134 1291 3519 1361 2416 3629 2825 717 1947 425 2581 897 2729 766 285 1836 393 2071 1471 3397 606 1470 3157 1460 2639 2403 3058 677 722 3517 0 402 2875 916 2859 3475 2035 420 362 3936 2518 1875 1757 3549 766 1968 2841 3980 3888 586 212 3212 474 1770 610 2027 1995 1882 2983 284 788 1375 3048 1508 1668 1235 3095 3038 409 2004 2999
254 3340 1672 2761 1757 1521 1503 2380 1345 985 766 3174 1180 2081 1540 2888 3586 3194 1411 1338 2405 713 2474 2559 3592 689 291 2732 3820 3495 3172 935 420 1819 622 627 1026 1966 2104 1927 1536 1796 2458 3428 2587 1632 1767 2907 2218 1772 2626 438 601 414 555 995 1809 1074 3709 3429 3160 702 3943 2783 2193 1146 404 676 1190 2956 1739 2775 1838 737 1823 2521 3990 2345 1742 2096 2457 2390 2835 3475 0 889 1425 3791 3766 2204 1541 276 3327 3543 2126 2675 1592 1608 2641 528 2089 1100 1452 3549 281 3396 3600 3554 2162 2168 1629 787 1120 1053 3981 583 3996 3811 2713 1187 271 2044 1436 3424
317 205 2259 1279 938 1770 1238 2852 2378 2222 627 3147 2331 689 519 2365 2297 2360 3966 1424 357 2886 763 1228 2452 1329 3330 1093 2371 232 3162 1096 1856 502 506 924 2435 2360 1661 755 3972 536 668 2661 2616 1996 2562 2843 2175 1303 609 596 3522 1654 3268 683 254 703 1115 1709 1936 926 551 3685 3711 2275 1423 2193 2000 2805 2779 1959 3759 2266 1704 980 988 1679 639 830 1581 2556 992 3461 2121 0 2048 527 2287 520 1725 780 3355 416 1871 972 3393 918 838 3014 3147 3683 1507 1455 1658 1545 2827 518 1264 3766 1816 1436 1237 2625 1305 3630 2742 2454 3330 990 2648 3010 336 1719
380 3592 2316 2981 1466 2484 2485 686 2864 3493 3186 1465 3960 754 1889 3014 3441 2680 3679 2521 1914 2758 3127 872 1378 3295 2470 2798 1546 806 3720 3104 1073 1230 2352 3132 1801 1327 1209 3573 3385 2750 707 1361 3044 3503 1664 3238 1700 3159 1234 3789 321 1277 2264 2883 1483 1660 293 3793 1290 987 3278 2447 1725 529 658 1996 3948 1282 1725 3789 3292 1164 1337 670 1264 863 3416 3133 3674 3328 3791 250 2352 3109 0 2526 975 2649 1269 3260 1009 600 2248 908 2327 1423 317 420 1086 678 1818 3857 2446 882 630 900 3071 1542 3267 1082 3387 281 217 2761 1218 700 3234 1595 1772 3687 3002 401
443 1865 2979 1751 988 3965 2739 1071 278 1793 3613 2870 1705 273 3999 2853 2995 2158 2320 771 1880 2470 504 2990 1131 1603 1668 906 2310 2990 630 345 3724 2253 1810 3292 1648 1638 2585 716 3765 3025 3771 1564 1205 1938 3026 2144 1433 1364 1886 1464 2975 3710 1111 1613 2583 2872 3796 2002 1780 2486 1937 2717 3127 3710 1726 1689 1971 2084 3222 1187 427 2651 1978 1652 2045 2288 3135 3106 2120 3606 730 3023 1048 2053 1731 0 2909 1929 734 1672 1072 2791 2978 447 1784 1000 2405 516 2717 956 1698 2691 426 2267 2218 1785 800 1984 3388 1477 2948 654 1191 629 1231 1735 1104 2619 2102 3720 215 1129
506 3093 1880 240 508 1739 431 3431 3420 2132 914 3696 978 3266 619 2232 2263 2779 1579 1803 1471 3410 3812 592 320 1383 1144 808 1651 789 3634 2021 3521 271 1260 2507 2249 1866 2843 877 1757 3364 1712 2390 1054 2425 3632 2158 3769 3827 898 2236 1398 2239 3337 3439 2187 721 537 3608 2052 896 2767 574 2964 3760 3578 2429 3940 738 264 1032 452 1268 2728 2192 1152 394 626 2257 3624 2095 3726 3889 3841 3551 1111 3637 0 855 757 2132 2124 2824 1675 549 2499 2863 3425 3791 3800 3039 3816 1147 2063 3754 3093 3256 1494 3409 1832 621 2273 429 2360 516 2701 2968 392 2590 214 2195 1631 2818
569 1437 1639 1270 2745 2495 1742 3356 1614 1906 1306 646 1271 577 1073 1351 2102 3547 1027 1644 2323 386 2597 1870 1161 2874 1053 3577 2919 1637 1440 2511 2797 2047 3348 1831 2968 1303 2692 1955 3354 3181 605 1031 1831 657 3946 945 3227 334 1990 1626 1858 3697 3176 699 3144 3503 2830 1845 3183 528 1267 2115 1267 1710 3870 1518 250 982 3926 3853 1470 3188 3303 3575 3275 2988 3831 2008 1064 2069 1026 2463 2601 702 1221 2272 2021 0 3828 2660 1832 836 1311 1839 3950 3102 683 1062 2500 476 3990 2980 3666 780 1955 3352 2896 3867 3412 2912 940 1883 493 3450 3607 3906 3499 352 521 3747 342 3525
632 2254 1108 1208 279 2949 3123 802 1931 2034 2102 3623 1037 2243 2210 2008 2807 2856 1122 2368 856 1691 3345 2293 3675 520 2415 3224 2194 327 1865 2521 3272 2164 3763 2038 3518 278 3272 241 224 1386 2841 1175 2921 2340 963 1689 3827 3331 331 3580 3334 2119 1185 931 2382 1713 1627 3731 3370 883 3194 3337 1692 3176 1136 3663 766 848 1598 2033 3555 3993 3458 3982 1899 3381 1194 2361 554 600 1319 3963 659 1470 2453 1410 1275 304 0 3375 3513 2311 925 1227 1142 2481 1999 939 2937 2441 2562 1830 3188 2475 3534 2532 2215 1045 539 1853 3165 1915 3598 2122 835 1991 2340 2311 351 721 3903 625
695 1462 573 1103 1690 2948 1315 266 2536 2359 3602 388 3408 1776 486 2546 2616 2045 1834 1378 2724 2861 3181 3900 1071 1353 610 714 1597 1594 3031 1845 1717 1589 3352 1613 384 702 3938 2303 3627 503 3874 766 443 328 671 1407 1716 3885 1787 1087 743 1788 1565 1416 2312 3111 3924 645 1062 1515 3020 1756 483 1624 490 1679 1544 3134 1394 322 1560 1066 361 643 1765 992 456 1229 893 2780 624 3447 1802 2784 1464 3466 3083 3584 2539 0 1935 3329 3315 1246 2031 2853 1535 673 597 2756 1029 553 3385 1064 1458 1420 1236 1433 813 2613 3850 2822 1780 796 2746 2265 1224 3580 2371 3678 3922 669
758 1054 2416 3647 2172 1792 3006 2209 1949 489 1522 514 2110 1361 2718 1853 3322 948 2464 2216 453 1876 389 2371 2633 2781 3650 2583 598 228 760 1877 3815 702 3255 225 3685 891 2496 2450 3652 3027 1016 1694 2140 968 2154 1380 2706 3896 3587 1607 1156 965 1857 2638 1589 3099 829 3956 2867 1302 734 1239 1591 2607 732 1384 1812 828 3053 545 3518 390 1049 1931 2464 2577 820 2327 1695 900 1081 1166 1524 1341 2422 1984 1481 2794 2349 613 0 2761 3902 2050 3838 1547 1886 1566 397 289 554 418 817 1486 949 3303 2526 2127 1521 855 304 1336 1333 705 1377 3183 1599 3611 3494 3615 3789 1068
821 3689 2193 2350 1497 2339 587 3165 3871 1553 2434 3026 3350 2747 1142 2141 1774 1121 2638 1988 2737 758 1078 3634 4 1968 898 3540 538 3849 1606 2453 2836 240 2571 827 216 2717 2128 3067 3937 3832 2203 1185 3410 2295 1895 2113 3313 1373 3095 2728 2210 2791 2853 1135 3431 1534 1411 3910 2013 1730 3483 1347 957 1194 548 2625 3238 483 1391 1779 326 1870 3115 990 2322 3999 381 2431 3359 763 3485 3073 230 3280 913 644 2063 3582 1851 3749 2482 0 1267 2402 609 1081 448 2488 253 1242 1665 551 1683 324 1200 1395 1555 3987 1217 724 889 723 1923 1788 651 1901 2839 2902 948 1335 1319 2737
884 2617 3453 3363 2001 3278 967 1119 1997 2606 2866 1906 1872 2864 993 1670 971 1773 516 3923 2442 1890 3360 583 3282 2509 2922 798 1060 2710 3124 1234 1841 577 2844 1496 557 1233 1203 2953 2781 2957 1753 3702 3172 927 1820 2121 3946 3923 873 499 1648 1034 3571 509 1058 991 3001 2821 2190 3160 211 3563 1399 680 3622 2158 1985 1000 483 3774 2002 2285 1316 2643 1753 1804 1324 909 1683 820 1508 1785 1938 3329 284 3541 671 3749 1656 3864 1169 2649 0 3532 1900 384 2677 3721 1134 1038 827 2293 1836 3643 2073 978 1572 2393 1708 452 1544 1806 2031 1439 833 3506 1704 2462 2910 3094 455 1495
947 2857 1276 2816 2605 1151 2227 2622 2324 542 470 2086 2067 1470 2786 1547 369 749 708 2459 620 2728 3035 3863 3295 1748 1182 333 528 802 3675 811 2052 3226 947 3698 1702 1414 1459 2315 3145 1757 3831 352 425 3240 2250 1878 2731 3883 3197 1396 1353 2678 1869 3646 2833 3172 3959 3236 1103 360 3665 338 3592 3328 2819 3740 841 1386 348 2218 2504 3045 2752 3369 1860 3822 2114 1459 3909 3059 1952 427 1723 965 2547 1174 2698 2476 783 1431 2231 2276 2490 0 300 3305 2215 364 1229 509 2952 782 2900 1770 2847 2501 2994 3731 326 1676 228 2441 496 867 1821 1272 2833 2767 1067 1024 2970 926
986 584 2437 2599 3509 2915 554 3576 1897 3624 1874 2948 3990 1604 3575 3507 2858 1506 258 3651 987 874 1469 3716 3371 3411 3480 1803 1369 995 532 693 210 908 1487 1337 2396 1072 623 1486 3720 729 906 1411 501 512 737 2275 3552 1603 1596 3816 2840 2482 1461 1829 352 1539 2857 1431 3503 2202 2619 2031 3416 813 2339 908 1299 3314 2517 1485 3995 919 3758 3715 1712 610 2857 1871 1710 948 392 3722 2115 1307 2815 1615 1648 2364 831 2123 3761 2605 737 2964 0 477 1779 2183 2736 859 708 3221 2843 2744 1437 811 901 2326 2384 1068 1437 3770 1256 2572 1783 1408 3524 441 2283 3141 1264 1500
65 3574 3255 3254 3733 2834 2999 516 3882 781 380 3134 816 3267 2194 2874 3723 2234 2267 1285 3322 1959 3175 1829 1255 3631 1453 3191 1351 1481 559 244 3239 1291 2682 2647 1097 863 540 1802 1690 2386 2552 3113 3118 3223 2977 2489 862 2833 644 3059 3059 2856 809 2040 875 1274 1650 2698 3684 1054 3235 3219 3413 3767 2845 1850 3463 1914 2954 2882 260 1788 2044 3861 2912 3058 1763 3251 3833 2675 2312 2254 2417 1068 285 1731 2500 621 2424 2805 3914 2728 424 2251 3623 0 2988 328 1740 2633 1685 1848 3833 3757 446 1234 2240 1283 2074 3593 1518 1872 960 1745 3191 1865 2455 1654 1210 1468 3003 1421
128 3558 2492 3386 626 352 662 1563 2700 2480 2505 2435 2438 477 1055 3757 640 1482 1846 3776 1024 1716 772 3184 2045 959 1130 1873 1533 1776 1156 2681 2556 491 3840 3590 2744 2444 2241 277 992 2603 1908 2499 2705 1950 1908 3497 887 3708 1310 3425 226 1660 596 2141 2617 3696 3388 220 1105 477 2493 3623 279 352 1673 501 1203 3955 3139 1494 3902 2291 369 2975 870 1731 1300 1539 740 2204 358 1921 525 1075 1845 1247 3367 2706 1629 1150 1393 2429 679 3251 2913 3932 0 2723 1119 1677 3664 1973 2999 3068 614 2827 1556 1680 451 2251 3178 512 2910 2728 1483 1093 3953 1649 2093 507 3785 1341
191 1118 1825 895 1310 1489 2239 433 2492 1443 2077 816 551 752 3994 3934 2992 536 2125 3010 2973 2044 1017 3453 2369 1850 2388 2433 2296 3133 2674 1137 2543 1176 3115 2451 457 3638 1024 2068 2419 3510 2524 2331 718 2777 3248 3735 2871 1167 3761 2455 3554 3708 1732 3106 3887 278 1829 1048 1785 2434 526 574 3987 1334 2937 1817 3143 2298 698 3295 1235 3596 1537 2228 1349 3871 781 3116 843 3659 1822 1342 1631 3920 800 2395 2100 1503 479 3355 3270 3447 1866 3919 1319 2005 2613 0 3225 2503 1607 3194 221 3605 215 1804 1284 1357 932 3728 3542 2143 3382 1354 3218 520 3807 2106 3492 3399 3058 3048
254 2503 377 3600 841 878 320 3476 1863 2854 2071 2962 2030 1085 2967 801 1013 220 2843 439 326 3408 3658 1745 559 3056 3971 3198 3481 3138 2029 2357 3604 2587 2370 2298 1141 892 1305 2114 1697 1153 570 1740 268 3453 534 1788 1018 2187 347 1408 1199 394 1007 2914 367 618 3321 2976 896 2082 532 3371 2744 1492 861 1047 1321 368 962 2287 1526 3360 3319 2496 1993 3258 1093 925 3516 3203 2080 3512 433 1957 1907 973 2472 2818 1748 1805 1310 1406 1620 3791 1827 2413 740 3332 0 3319 1163 1391 639 1523 1420 3749 3245 3795 3324 1484 562 1926 2636 2009 805 1657 3433 485 370 809 394 2860
317 3732 382 3316 2940 1185 2974 2332 3530 2815 3016 3501 2508 2734 3148 2948 1887 2137 1323 3404 679 2529 3794 844 1611 320 1005 2333 1526 3068 559 1717 1660 1015 3841 3668 1911 3483 1071 3019 3586 2337 1517 2176 3482 3136 2462 2787 551 2184 817 2537 3069 931 2227 1933 2801 1627 3236 3055 2383 3306 3867 2783 265 336 1268 3767 2290 2369 3171 555 1858 1998 552 3589 2737 2444 611 2409 636 3256 2856 3374 3253 3516 3018 3918 845 2996 3648 3125 2027 3327 2758 2020 705 394 440 3288 924 0 810 444 530 3531 2039 2355 3993 2668 2579 1865 476 588 2483 1443 2613 3605 868 3682 1479 3244 2835 1446
380 2240 3921 2369 2866 2123 3083 548 1113 2634 2436 3091 1070 480 1381 2836 220 3647 3487 3501 378 1358 2170 1850 2088 2920 3396 2451 658 1171 3251 3492 661 302 302 2951 624 2455 337 2134 1184 2935 218 1053 1150 1292 2900 3466 3671 258 2297 3606 1546 2292 2334 205 3200 2453 2067 3846 2550 1493 2155 2212 3465 2266 1662 2231 2795 2450 1040 987 3899 812 2645 3060 2788 2880 292 3144 449 787 3976 1171 3932 1506 3190 2173 934 1534 1196 1955 244 3377 2598 2539 2172 2414 1106 2483 2619 2930 0 1356 1083 1602 3574 3977 3590 1773 1429 1917 1224 683 3878 3616 1552 1217 576 2558 1637 992 2138 2012
443 1678 2951 2456 1495 3438 2444 1393 3312 2583 2222 463 1684 3254 1026 2219 1530 2244 3699 669 3207 1000 846 1826 802 421 3974 3907 1056 1140 2493 1327 278 1114 2686 2563 915 1130 3364 3988 2251 2203 1216 1652 2858 1791 2724 271 3278 2298 1159 3487 2907 3022 1712 894 3814 1973 331 3132 2093 1922 866 1092 2414 3566 1665 2229 3883 1937 318 2341 2551 2856 2334 721 2342 3966 275 2510 1242 1270 3237 2226 1637 3261 1280 2436 3144 3597 2906 1753 2432 644 3440 3231 2170 1110 3913 980 492 3799 598 0 1253 2330 2132 1994 3770 397 2908 1522 1595 3742 2716 773 3590 3733 1106 534 2771 338 1644 3319
506 1381 2030 1185 1528 313 1590 2621 1372 770 797 2831 2146 487 3283 380 257 3201 1519 3284 649 2322 1309 1548 2017 463 1589 2764 440 911 1438 463 2473 816 2319 1402 709 1757 2894 3387 2475 3500 999 1053 1381 2500 2036 3990 3191 410 673 1383 2828 2611 3131 1602 2739 1925 2920 302 2589 793 337 1402 1114 1687 1762 3092 2865 3947 3755 3378 1213 3541 2979 3902 3104 3792 630 2187 2422 2500 1782 3069 1410 3472 3884 2787 1834 2318 887 2567 2915 1446 2504 2407 1275 450 3579 1507 939 3997 3457 2967 0 2823 3332 2365 309 2075 3957 3242 1638 3704 2361 3042 2026 2172 484 2744 3055 921 776 3052
569 459 2176 1185 1259 383 3390 1633 940 2524 1222 3551 1983 3323 3867 3421 465 1231 743 2393 3739 1808 2152 2395 1640 3478 1035 3716 1416 3514 2384 2143 3075 3105 2153 1415 1499 2074 1056 1709 293 233 1065 2101 404 3655 1146 3906 2818 3479 2583 1592 481 598 1770 2191 439 866 2025 242 1782 2392 1767 329 1733 1684 3293 2829 292 342 557 1421 397 788 2646 387 1931 3049 872 631 2557 1642 1212 1890 1047 2472 637 1285 3658 1132 229 2510 3136 1077 2581 1635 1157 1277 1823 3571 522 2730 418 3943 2405 0 2358 3004 3162 2343 1913 976 1312 2289 1331 2151 2515 3227 3250 3887 725 2184 2714 1719
632 492 626 1353 3860 2870 1549 942 238 1990 1044 936 3729 2434 2143 3250 3483 3580 474 1970 1592 1811 733 1215 544 1462 1702 3872 1685 2028 2543 3791 2712 491 1495 2525 2120 389 2107 3680 2974 3848 890 820 2023 1525 2554 1913 3171 1690 2936 1545 339 1341 2806 1021 1600 2695 3652 1355 691 1935 2652 2159 3726 2459 3198 2856 2244 2422 2463 2143 811 1352 2143 1039 957 1074 3211 732 2179 2068 1829 3560 2283 3383 493 2974 1591 2387 3186 3077 2162 1061 3222 1913 2504 1836 1003 2847 436 3902 320 3410 234 280 0 3262 2491 2634 489 1243 793 1121 2419 830 1374 1849 1003 498 3280 3976 2160 3629
695 2534 2481 2847 2119 2570 2134 950 835 1038 745 3632 899 1332 1671 979 1957 2669 1915 2526 3252 960 1240 1175 510 1990 907 2024 3276 640 390 2925 3240 3580 1156 322 3282 3260 2407 1941 271 570 2865 365 1331 3264 2252 2562 2795 2748 2032 2808 1074 1154 3754 3659 2532 2845 1173 449 1195 1499 1580 1601 3852 907 1335 746 1122 3777 3218 993 1781 2620 569 2885 2982 977 655 674 553 1420 2255 1750 3098 2879 552 2160 733 2176 2764 315 820 1956 1232 1995 789 2450 774 3849 968 2090 243 262 2369 3004 319 0 1437 972 3941 3657 1127 3947 3937 3141 233 3469 1091 1584 1100 1445 979 1842
758 1408 2468 2572 738 1045 3833 1736 2309 784 459 2989 3947 1192 2094 1737 1740 3905 1336 3285 2023 1943 2461 1669 3129 3930 2402 3732 2622 386 1734 649 573 2539 2167 2083 1072 2576 655 3179 3384 3620 1470 922 3533 3597 2108 1075 1936 552 2420 2076 3138 1871 3317 1064 3383 1419 3429 2237 2426 656 2637 3381 2407 1150 1102 3689 432 1182 1905 1502 3642 2607 1587 956 1552 2776 976 1310 1662 1638 3526 3122 3613 3669 1589 1371 1109 748 554 1023 1176 2355 647 3245 2515 1313 1414 2604 3284 1226 842 1396 2572 2230 2113 1617 0 3937 2360 3078 3535 990 1766 3868 727 2922 1384 3924 1716 1880 1917 1456
821 1767 2038 897 2392 2713 1155 1927 2271 1783 828 2040 1382 1665 1868 882 3862 1569 2965 2909 1167 3078 360 1250 4 734 336 643 2115 2463 1103 3509 668 3367 2480 1080 547 2870 855 788 919 1441 3401 1939 3286 3814 2034 707 3061 1403 1974 2817 3350 3371 3668 1895 872 3249 1772 2619 3204 922 1817 3655 3700 2512 2756 2075 1055 1976 2780 2799 3368 402 1647 388 3391 1517 3947 1388 1937 220 1776 1617 458 1868 915 481 2405 1967 1195 1434 885 3713 260 2180 2973 3152 3246 2220 544 297 234 2655 3938 2507 2255 1853 2953 0 3251 723 1336 1107 1908 973 1793 2222 415 266 287 3368 3999 1587
884 2097 3003 2574 1354 230 1400 3300 3299 2094 3502 2394 3845 3268 3923 3944 2573 2156 939 3263 766 3979 440 1419 1146 2079 1632 2020 3245 607 1749 768 3187 3563 2926 1345 3219 634 3804 481 2924 3302 988 2123 3675 313 3248 1332 3370 3781 1766 2138 954 666 2109 3576 213 2228 532 3703 375 2941 1247 251 3490 3846 3795 1675 2933 428 3152 2619 1749 2311 2749 2553 669 1110 863 1687 1752 795 2057 3512 3806 3556 1279 2756 951 3023 3856 1741 2502 3387 1307 2341 654 1067 438 1589 333 2126 3364 1427 1901 412 2220 1685 370 1943 0 2870 3416 205 613 1525 2677 1238 3686 1582 2291 3915 3384 2979
947 1624 1344 1690 2366 3042 1496 3413 1254 3605 2739 1931 3587 1893 922 2282 2087 3457 1119 2218 1157 3000 3717 269 2972 1778 766 3339 561 2146 759 2338 494 1414 425 1241 1525 1671 1569 3449 2528 452 3582 3486 3037 400 1219 3658 1961 577 1134 265 1844 2596 2207 705 3769 1692 2185 2281 945 1801 836 1378 2077 1309 3143 2391 3959 2703 1285 2367 1275 2599 497 3601 2318 1364 2974 1303 3628 211 1395 1340 2077 2832 1859 3363 574 2553 1888 2484 1735 3008 2760 2498 375 239 2815 2977 2067 2523 1716 943 1398 1283 958 1807 3025 2033 3626 0 2964 554 2096 399 579 1832 2932 2834 3631 1256 1386 3748
520 957 3233 1879 1635 2524 2550 1678 1598 2481 2671 2112 2417 450 1678 1435 760 1058 2452 2196 3651 2143 2863 1763 566 631 3474 3071 1199 2492 1551 3914 2769 2348 377 362 471 3546 1877 928 1019 499 1319 942 2532 3793 2970 639 2961 910 737 2563 1756 1880 3118 2821 846 431 2585 2489 1103 766 942 375 1690 3033 374 520 3155 2075 1074 1639 2807 1328 877 615 1332 3756 3599 2919 2233 860 3041 1665 3380 663 1277 2225 807 3133 3152 3105 2722 1814 905 1881 3351 2047 1472 3358 2011 2192 807 1483 372 1726 385 3157 1331 3357 1259 2021 0 241 3056 225 2218 2803 1039 255 1390 1124 3105 1813
65 2755 296 1217 202 2899 819 332 2871 3862 2318 2548 475 1813 211 3636 3119 2211 3702 2544 1419 3493 459 1076 1670 915 3849 3922 1699 3046 3233 1348 1798 1773 494 3810 3930 1053 767 740 2768 2795 809 2520 691 3859 2503 953 1386 1524 3962 2513 1201 439 3321 885 3428 3634 1928 3354 346 761 3173 1292 2055 3514 1964 870 2152 1050 2633 3313 709 3022 1926 2218 1723 1649 587 2319 2609 1177 2973 1789 3139 1963 983 1319 1463 662 552 268 1594 2786 3512 1591 2882 987 2020 3929 2274 3151 2296 3317 1001 3223 1174 3397 730 1933 3373 3086 1405 0 3753 659 3947 3782 1449 2611 2201 1216 514 458
128 1566 527 2968 2335 452 2651 2547 2800 1002 472 1858 720 2251 2618 3660 3602 3823 286 1376 1008 512 3703 2010 1374 446 2734 2117 3848 2382 2401 1358 3927 2036 3408 1711 1374 3231 1090 2921 3664 2198 694 593 1595 2082 1689 3292 1519 1989 3663 2685 649 448 2106 3530 3287 3921 1210 907 1623 3145 2285 2945 2341 3357 2391 2182 1287 1987 1240 257 1196 792 1426 2656 2689 1445 941 3577 1104 1838 3819 2802 2091 1612 3413 2267 3755 2048 2043 3679 313 2438 926 1360 3309 855 806 3624 2972 2095 3695 1884 2967 2189 3683 2704 3060 486 650 3752 2875 3323 0 3451 3792 1696 828 2014 2802 2079 1318 3516
191 2929 1252 3921 783 3711 781 1467 1635 1879 1531 3756 1881 1506 1448 2040 3937 2873 3046 214 2968 1752 3656 441 1628 2354 1830 2072 854 1727 3824 828 284 474 1823 2279 3701 1121 614 2897 3835 1188 432 3318 3943 3850 3896 1048 1712 1901 2309 794 519 3252 2213 2204 474 3192 1820 1268 2794 1936 1296 2366 1463 490 2129 3550 3964 2416 3526 3579 1294 1471 2467 998 374 2897 3390 2484 1947 2201 1798 1415 2484 3584 1217 267 2286 922 838 1489 2083 303 3550 2683 216 1270 2520 3878 1925 1356 1299 2674 2358 2006 3187 3647 2025 2210 3994 906 2155 1347 2301 0 3176 3275 2541 2923 2219 2454 1444 783
254 1035 1528 2880 1137 2145 1283 587 3707 796 1257 1805 2860 2434 3224 1551 353 1536 257 770 2274 3925 541 2951 3933 565 2977 1893 649 1694 342 2014 3794 1557 3851 3937 2801 1844 2497 2252 1005 427 2263 3961 2039 1117 262 1102 2446 2973 3511 3857 1982 1793 726 1062 1931 2299 3031 269 3418 1056 2170 2648 972 3334 2243 761 3501 2162 2783 1436 1896 842 1358 562 1290 3354 500 614 3111 608 1132 248 293 2659 1262 1932 2779 2883 591 2079 1874 1557 568 1799 2269 1872 1733 1662 2626 2767 2283 786 1383 2941 2074 3489 1211 1258 1174 3720 2918 3286 3348 742 0 3007 2035 2837 1328 879 1610 1767
317 987 3288 2300 1184 2120 312 3629 2542 405 2426 2219 790 1911 1392 3892 2215 1434 2504 1439 1137 3053 2280 3676 375 554 3184 486 3953 2897 3322 1524 1697 3121 2712 3115 1315 2343 1859 1769 1524 337 1454 2564 233 3018 3695 810 1860 2754 1652 3109 3738 1082 2894 677 2387 279 1071 2583 3282 3605 1840 1018 3559 3344 3304 3118 3677 1599 2107 2766 3569 220 729 2380 2714 3111 1385 3725 3483 1662 3766 571 3453 679 3421 2178 1388 1570 298 2747 2554 2655 330 789 3360 459 2165 2680 3553 1257 2260 323 2598 399 1774 450 547 3953 642 3609 1866 1552 2657 3540 3059 0 792 923 936 297 2939 2238
380 845 2752 2013 1613 1609 1342 1928 698 2377 726 204 483 931 2928 1754 3852 2970 501 3909 409 2906 3631 3994 242 1093 1702 768 1351 3937 1548 2518 1169 1278 3592 3519 2592 914 1985 3032 413 2593 1832 2968 3827 2110 3149 3466 2014 1140 1001 3578 1310 728 2070 2698 901 3483 3943 3113 2896 3954 2248 934 2872 1572 3122 373 534 3293 3517 1551 3842 2482 3196 1113 3985 1848 3205 1972 2291 2613 3001 3962 2895 1898 872 3312 2960 2165 1278 3653 3073 1830 1376 3279 2752 2340 3368 3738 1073 2398 2241 3921 1699 2968 3282 1284 1013 1484 2552 1453 1782 3847 3434 3058 3119 1743 0 356 745 2364 3609 1496
443 449 2122 1759 1228 1416 1956 3090 364 1848 642 1915 3937 2960 924 861 724 564 3856 463 2002 983 3847 2552 1240 3585 2136 383 3638 922 1845 3609 1679 2845 2486 2240 2571 1635 3179 3013 3165 1823 3122 2198 533 664 962 1822 3895 2075 3215 1581 2801 3579 2388 444 1822 2379 1391 3645 505 1389 2279 1050 1964 3023 3572 1323 967 3678 3455 3990 2513 1217 834 2625 1959 2447 1758 2280 373 1737 3922 1942 466 993 1375 491 2629 3355 204 264 2540 749 1763 786 3580 1560 3710 406 411 2710 3204 1952 727 3626 1146 290 3891 3902 1004 1231 3200 1508 1087 557 3270 2679 2000 0 627 1806 2707 1149
506 2247 2759 3904 2302 3159 1371 878 554 2797 3494 2552 2030 239 299 1642 3148 2711 3362 3120 3576 364 2263 3748 1588 2148 2359 669 317 1476 2912 307 1794 2665 3652 1215 1681 1638 1235 391 643 3229 2757 1925 2401 2400 3496 3858 1052 2675 2558 1213 1088 1573 988 3092 224 2466 2154 3253 1927 2429 1161 2587 3876 2141 2380 224 3431 1825 3604 2798 2760 308 2579 1128 3088 389 2277 1703 2679 2999 3180 1270 465 2763 1534 736 679 3889 1746 1299 1131 1768 980 1178 2294 1366 3742 3889 1224 2447 1481 3991 2648 708 2528 2962 2444 653 3056 768 488 3168 1203 1798 3493 3485 591 1554 0 1241 743 1185
569 1936 1777 343 1728 2267 833 1501 3409 2465 2081 2962 887 265 3498 3970 249 2761 2729 406 3901 2201 1466 776 2473 3805 3941 1660 1186 3221 3841 666 3312 2470 1656 253 3982 3923 1680 1813 2725 2471 279 2113 2374 2993 2183 664 3783 3603 546 2312 3050 1388 1562 3448 952 2276 1320 3540 1799 1845 3573 884 3801 345 1420 3806 2725 291 2545 3479 3469 3482 3968 2258 2348 2064 3940 831 2597 2021 2561 2682 880 276 3648 2633 2435 3216 490 903 2521 1539 2056 1449 1120 1667 908 3155 321 2958 1502 2505 1171 3249 433 2159 788 610 2449 3578 359 2811 3622 2756 2660 690 479 3093 1752 0 2807 3532
632 3818 341 1051 1674 1045 1773 359 1903 3508 3107 3986 2632 1527 1361 3987 788 3268 2570 3479 1194 482 1690 3702 2484 1743 2952 531 778 1535 324 2611 1629 278 938 969 1772 1181 2737 1360 3410 1757 1471 3839 1735 2728 1354 3726 2491 565 939 1236 3505 2069 639 3086 2203 2342 1730 462 789 899 2370 1450 1268 3252 2169 321 3501 560 898 3593 1656 1285 3535 1017 2578 2600 2306 3516 2060 1682 3080 1891 1151 3733 3617 1854 1222 2340 585 1545 3680 271 218 2082 1444 2192 2980 891 3013 2148 1703 3756 1496 1363 556 981 649 2423 1483 226 1359 2134 1144 1925 3311 2778 821 1033 2286 2611 0 1803
695 1838 1058 2606 1313 3606 211 2482 653 1984 2066 3745 2909 1965 287 1592 2965 1070 1244 2508 1828 1344 1836 3411 2263 1104 2362 3135 1888 2710 3002 3321 1158 1240 2465 2289 1212 2376 969 271 2604 2782 3183 734 3226 1359 1129 1778 1446 2301 2418 353 2392 215 3604 1046 3258 2350 1927 2124 244 592 562 1562 361 1887 3916 850 3508 3012 2902 962 1743 1948 3487 2333 3640 892 545 1541 2057 3212 3914 605 2267 1725 3476 1787 1645 1382 3115 415 1152 3203 1304 2755 1299 1076 2713 2255 303 2145 2416 722 3994 2220 2307 665 2288 3980 3685 706 2508 2215 593 781 3732 2378 3611 2625 2715 483 2554 0