17
11 24 45 33 22 53 41 113 12 34 59 15 24 13 212 271 76
0 3 5 48 48 8 8 5 5 3 3 -1 3 5 8 8 5
3 0 3 48 48 8 8 5 5 -1 -1 3 -1 3 8 8 5
5 3 0 72 72 48 48 24 24 3 3 5 3 -1 48 48 24
48 48 74 0 -1 6 6 12 12 48 48 48 48 74 6 6 12
48 48 74 -1 0 6 6 12 12 48 48 48 48 74 6 6 12
8 8 50 6 6 0 -1 8 8 8 8 8 8 50 -1 -1 8
8 8 50 6 6 -1 0 8 8 8 8 8 8 50 -1 -1 8
5 5 26 12 12 8 8 0 -1 5 5 5 5 26 8 8 -1
5 5 26 12 12 8 8 -1 0 5 5 5 5 26 8 8 -1
3 -1 3 48 48 8 8 5 5 0 -1 3 -1 3 8 8 5
3 13 3 48 48 8 8 5 5 13 0 3 13 3 8 8 5
13 3 5 48 48 8 8 5 5 3 3 0 3 5 8 8 5
3 13 3 48 48 8 8 5 5 13 13 3 0 3 8 8 5
5 3 13 72 72 48 48 24 24 3 3 5 3 0 48 48 24
8 8 50 6 6 13 11 8 8 8 8 8 8 50 0 11 8
8 8 50 6 6 11 11 8 8 8 8 8 8 50 11 0 8
5 5 26 12 12 8 8 11 11 5 5 5 5 26 8 8 0