33
91 44 21 33 122 143 214 354 112 22 123 121 264 33 24 45 33 22 53 41 55 12 34 55 65 132 59 15 24 13 212 171 76
0 211 14 66 199 7446 3117 51 115 149 224 60 294 310 55 65 387 356 230 157 6269 408 79 657 764 643 162 40 559 722 98 674 746
233 0 716 961 300 898 35 607 636 49 814 823 97 231 110 454 814 439 739 415 62 154 781 928 691 175 297 791 881 140 619 437 354
130 779 0 980 447 670 643 62 2 27 527 668 854 487 197 96 198 855 163 167 496 629 404 284 953 206 103 622 99 140 93 973 396
168 532 251 0 972 314 528 594 321 324 243 711 436 803 701 326 988 729 398 206 550 921 633 105 443 388 47 266 612 41 612 20 473
944 679 465 316 0 525 795 643 616 393 198 256 28 535 545 833 617 889 123 948 858 982 25 227 233 515 871 522 471 831 308 557 160
438 610 668 167 580 0 687 769 940 152 361 289 277 943 99 151 176 557 872 47 404 470 463 46 252 87 473 19 693 606 972 856 692
533 425 953 784 222 364 0 311 616 808 389 965 655 773 887 728 494 15 388 6 38 599 256 950 828 449 187 411 630 813 727 742 251
781 786 789 646 866 558 928 0 240 787 136 451 261 925 471 924 128 491 724 640 771 51 696 206 548 864 914 671 655 22 82 194 835
812 283 278 331 99 345 858 947 0 426 408 44 867 471 509 869 94 526 550 655 643 44 814 983 124 480 594 558 749 879 529 540 97
517 816 180 517 316 283 329 62 502 0 24 126 254 388 273 328 680 619 884 528 213 914 816 170 694 369 63 406 18 891 490 363 569
264 49 822 525 513 375 342 594 46 648 0 11 435 702 977 281 745 362 964 84 510 18 592 434 538 725 579 525 330 867 457 22 734
322 781 851 681 983 252 496 816 575 995 130 0 422 478 461 986 481 495 740 75 620 166 144 484 843 812 91 164 966 146 820 645 128
716 307 68 900 471 508 449 952 491 401 437 552 0 441 916 583 425 454 25 557 265 38 430 670 468 134 649 992 323 670 48 347 176
373 226 722 596 814 690 935 344 72 908 59 490 684 0 81 344 376 717 146 447 421 435 738 406 735 986 735 537 847 514 75 528 455
379 691 143 577 388 427 556 531 783 821 361 274 249 548 0 908 510 290 394 161 136 324 299 114 845 835 520 453 509 949 366 893 489
901 492 578 966 818 414 154 498 300 279 803 527 363 829 323 0 270 976 634 6 925 788 747 369 842 338 94 73 292 105 425 931 821
943 106 214 709 231 455 637 73 962 951 772 592 691 358 338 482 0 304 361 46 59 715 908 891 505 735 292 711 649 253 344 775 446
12 233 247 547 878 51 98 191 906 283 844 603 150 330 438 142 202 0 414 860 825 283 496 927 844 887 287 193 244 312 727 821 976
964 532 514 62 3 712 200 210 936 945 272 296 662 29 887 128 971 30 0 550 729 552 899 511 149 325 689 197 625 229 329 975 920
408 719 317 286 99 613 445 913 467 424 325 459 998 380 709 520 851 691 31 0 537 842 803 683 404 640 841 11 212 97 20 986 298
564 879 311 300 443 487 768 204 813 901 587 462 706 870 405 106 794 868 299 842 0 142 726 586 781 836 470 724 908 690 352 118 742
446 285 258 359 511 626 487 945 150 853 661 78 100 400 247 981 63 249 909 459 253 0 680 927 772 146 452 196 119 52 851 436 589
829 241 686 786 455 602 620 661 797 943 893 190 795 734 373 814 980 622 517 891 38 712 0 909 920 674 54 13 223 32 120 603 766
690 875 84 58 582 657 624 906 774 936 696 777 512 794 985 550 184 582 640 654 988 430 700 0 44 966 844 44 717 24 450 189 99
296 8 553 472 163 225 133 1000 121 62 844 271 884 370 760 181 821 118 470 762 209 263 172 805 0 908 329 968 668 24 339 878 711
724 421 799 477 786 380 314 548 709 332 922 302 226 350 574 322 508 123 569 101 181 448 633 92 335 0 334 591 885 192 13 6 429
720 308 752 349 13 530 438 147 153 383 208 682 531 647 832 554 563 424 506 906 737 1 756 758 364 845 0 50 930 673 519 414 348
22 899 365 141 99 672 925 588 856 572 589 458 122 484 301 635 828 848 615 485 288 632 637 143 807 825 680 0 812 447 212 777 181
854 211 546 63 518 681 694 694 598 732 284 43 539 91 702 23 43 682 814 989 686 260 917 215 67 389 414 559 0 977 316 301 574
934 217 106 638 824 696 327 303 297 314 568 443 566 21 5 356 87 846 712 537 686 902 871 987 727 826 632 351 366 0 587 41 36
146 763 876 325 65 399 671 666 114 497 767 460 901 249 750 68 911 917 462 535 152 264 973 644 981 388 736 131 696 48 0 692 1
681 674 722 441 773 31 886 462 219 738 747 10 242 268 996 545 444 126 994 829 160 235 815 625 38 85 57 353 386 520 3 0 892
924 582 502 325 679 465 809 767 973 22 807 424 922 440 963 511 853 809 397 544 948 51 976 172 611 964 226 46 609 474 992 537 0