44
44 21 33 33 212 343 23 66 34 122 143 214 354 112 22 123 121 264 33 24 45 33 22 53 41 55 12 55 32 12 129 432 34 55 65 132 59 15 231 33 22 53 67 66
0 69 354 255 183 264 116 281 165 6269 408 79 657 764 643 162 40 559 722 98 674 746 233 290 716 961 300 898 35 607 636 49 814 823 97 372 110 454 814 439 739 415 62 154
781 0 691 175 297 791 881 140 619 437 354 130 779 748 980 447 670 643 62 2 27 527 668 854 487 197 96 198 855 163 167 496 629 404 284 953 206 103 622 99 140 93 973 396
168 532 0 612 972 314 528 594 321 324 243 711 436 803 701 326 988 729 398 206 550 921 633 105 443 388 47 266 612 41 612 20 473 944 679 465 316 409 525 795 643 616 393 198
256 28 535 0 833 617 889 123 948 858 982 25 227 233 515 871 522 471 831 308 557 160 438 610 668 167 580 945 687 769 940 152 361 289 277 943 99 151 176 557 872 47 404 470
463 46 252 87 0 19 693 606 972 856 692 533 425 953 784 222 364 436 311 616 808 389 965 655 773 887 728 494 15 388 6 38 599 256 950 828 449 187 411 630 813 727 742 251
781 786 789 646 866 0 928 365 240 787 136 451 261 925 471 924 128 491 724 640 771 51 696 206 548 864 914 671 655 22 82 194 835 812 283 278 331 99 345 858 947 598 426 408
44 867 471 509 869 94 0 550 655 643 44 814 983 124 480 594 558 749 879 529 540 97 517 816 180 517 316 283 329 62 502 177 24 126 254 388 273 328 680 619 884 528 213 914
816 170 694 369 63 406 18 0 490 363 569 264 49 822 525 513 375 342 594 46 648 348 11 435 702 977 281 745 362 964 84 510 18 592 434 538 725 579 525 330 867 457 22 734
322 781 851 681 983 252 496 816 0 995 130 198 422 478 461 986 481 495 740 75 620 166 144 484 843 812 91 164 966 146 820 645 128 716 307 68 900 471 508 449 952 491 401 437
552 399 441 916 583 425 454 25 557 0 38 430 670 468 134 649 992 323 670 48 347 176 373 226 722 596 814 690 935 344 72 908 59 490 684 7 81 344 376 717 146 447 421 435
738 406 735 986 735 537 847 514 75 528 0 379 691 143 577 388 427 556 531 783 821 361 274 249 548 599 908 510 290 394 161 136 324 299 114 845 835 520 453 509 949 366 893 489
901 492 578 966 818 414 154 498 300 279 803 0 363 829 323 970 270 976 634 6 925 788 747 369 842 338 94 73 292 105 425 931 821 943 106 214 709 231 455 637 73 962 951 772
592 691 358 338 482 185 304 361 46 59 715 908 0 505 735 292 711 649 253 344 775 446 12 233 247 547 878 51 98 191 906 283 844 603 150 330 438 142 202 351 414 860 825 283
496 927 844 887 287 193 244 312 727 821 976 964 532 0 62 3 712 200 210 936 945 272 296 662 29 887 128 971 30 896 550 729 552 899 511 149 325 689 197 625 229 329 975 920
408 719 317 286 99 613 445 913 467 424 325 459 998 380 0 520 851 691 31 8 537 842 803 683 404 640 841 11 212 97 20 986 395 564 879 311 300 443 487 768 204 813 901 587
462 706 870 405 106 794 868 299 842 362 142 726 586 781 836 0 724 908 690 352 118 742 446 285 258 359 511 626 487 945 150 853 661 78 100 400 247 981 63 249 909 459 253 294
680 927 772 146 452 196 119 52 851 436 589 829 241 686 786 455 0 620 661 797 943 893 190 795 734 373 814 980 622 517 891 38 712 856 909 920 674 54 13 223 32 120 603 766
690 875 84 58 582 657 624 906 774 936 696 777 512 794 985 550 184 0 640 654 988 430 700 674 44 966 844 44 717 24 450 189 99 296 8 553 472 163 225 133 1000 121 62 844
271 884 370 760 181 821 118 470 762 209 263 172 805 802 908 329 968 668 0 339 878 711 724 421 799 477 786 380 314 548 709 332 922 302 226 350 574 322 508 123 569 101 181 448
633 92 335 939 334 591 885 192 13 6 429 720 308 752 349 13 530 438 147 0 383 208 682 531 647 832 554 563 424 506 906 737 1 756 758 364 845 625 50 930 673 519 414 348
22 899 365 141 99 672 925 588 856 572 589 458 122 484 301 635 828 848 615 485 0 632 637 143 807 825 680 472 812 447 212 777 181 854 211 546 63 518 681 694 694 598 732 284
43 539 91 702 23 43 682 814 989 686 260 917 215 67 389 414 559 643 977 316 301 0 934 217 106 638 824 696 327 303 297 314 568 443 566 21 5 356 87 846 712 537 686 902
871 987 727 826 632 351 366 381 587 41 36 146 763 876 325 65 399 671 666 114 497 767 0 901 249 750 68 911 917 462 535 152 264 973 644 981 388 736 131 696 48 524 692 1
681 674 722 441 773 31 886 462 219 738 747 10 242 268 996 545 444 126 994 829 160 235 815 0 38 85 57 353 386 520 3 658 892 924 582 502 325 679 465 809 767 973 22 807
424 922 440 963 511 853 809 397 544 948 51 976 172 611 964 226 46 609 474 992 537 641 38 506 0 723 50 78 21 9 389 905 779 535 899 908 187 617 499 696 411 98 97 930
700 647 292 86 17 863 335 291 612 969 318 76 670 504 12 196 245 247 775 700 975 959 539 272 657 0 674 607 975 171 422 117 970 450 194 15 975 378 483 582 754 500 885 147
684 914 121 500 814 533 672 430 489 799 722 686 483 534 978 117 462 733 630 377 915 401 974 667 608 273 0 96 453 424 299 20 54 868 818 799 956 311 607 699 752 687 475 246
608 389 618 580 109 783 258 755 55 803 910 802 351 956 552 271 576 114 681 45 333 304 264 638 540 949 406 0 410 541 759 732 31 360 102 866 844 667 38 500 85 82 638 752
123 589 656 17 578 68 187 673 145 183 762 240 24 727 987 347 652 772 462 657 456 173 500 8 868 226 634 72 0 587 564 692 590 362 883 718 555 444 7 723 271 960 808 301
774 795 772 72 149 344 671 269 640 414 915 556 131 323 374 932 513 54 923 632 899 751 518 164 249 314 955 532 300 0 829 249 476 216 541 27 792 980 138 704 986 587 278 954
66 845 786 951 76 880 245 690 473 988 44 154 196 615 814 332 509 316 920 929 460 448 579 484 215 954 282 152 746 118 0 695 590 700 795 471 863 582 363 761 427 329 612 954
367 204 998 933 716 714 898 449 437 868 263 20 68 769 717 425 552 30 77 109 627 349 789 309 610 335 672 638 681 587 769 0 318 326 417 186 956 175 191 330 703 448 6 587
746 747 989 601 152 794 869 897 588 749 823 753 701 500 599 162 309 796 794 962 988 150 81 581 749 64 482 96 933 876 518 443 0 172 573 227 144 5 855 65 99 611 881 29
103 32 666 276 729 814 361 739 898 702 30 175 359 237 56 681 917 700 601 214 984 676 613 332 34 655 725 198 597 201 879 574 164 0 163 26 511 723 346 401 480 932 339 342
330 103 195 551 824 859 564 840 276 118 182 147 650 650 734 986 671 75 400 295 142 151 211 240 33 424 22 514 15 706 441 819 893 302 0 54 940 212 807 358 66 382 817 307
726 759 433 686 987 749 486 571 83 663 962 643 629 313 656 585 902 489 537 185 553 819 552 806 664 745 764 858 691 639 922 856 320 201 939 0 629 85 319 457 210 714 131 4
641 808 117 593 651 932 127 64 303 71 924 361 246 627 169 55 501 817 895 640 134 56 400 395 492 915 802 10 595 6 1000 936 896 877 740 725 0 338 276 447 879 828 166 749
316 890 849 983 798 663 267 920 514 325 61 859 421 617 242 230 423 430 144 412 967 248 51 106 883 874 141 166 500 346 420 674 617 483 132 35 161 0 772 957 596 869 669 941
747 595 613 322 263 734 443 723 909 146 248 868 494 890 119 362 134 646 551 107 539 484 445 657 389 222 330 216 219 997 327 96 72 10 613 699 530 585 0 731 526 608 190 815
691 126 433 544 496 562 30 433 790 156 242 128 554 14 6 639 547 881 912 95 222 315 340 509 756 576 565 665 634 165 199 491 89 452 402 531 781 157 322 0 989 885 813 100
685 777 587 577 588 615 859 807 31 243 299 844 852 626 429 67 275 169 735 114 155 919 848 982 198 784 289 182 338 450 944 533 819 842 260 646 528 414 905 207 0 764 243 736
107 636 267 316 671 668 715 908 469 173 155 658 912 81 727 467 159 549 785 490 743 828 412 142 607 684 615 315 586 393 273 485 401 101 243 897 171 57 990 768 991 0 540 632
621 448 891 98 943 741 517 345 461 113 92 96 977 420 322 786 944 673 477 536 987 175 556 601 514 963 341 63 529 360 513 345 721 568 910 819 708 300 886 842 990 834 0 215
635 339 453 316 922 433 610 338 765 929 497 591 189 559 687 638 541 867 622 546 408 621 901 518 177 568 671 765 90 413 162 210 698 219 469 974 295 997 94 544 957 560 599 0